   6.9478531e-02
  -1.1774295e-01
   7.7557394e-02
  -8.7237769e-02
   1.1048661e-01
   1.2899555e-01
   2.0373888e-02
  -1.4652369e-02
   1.3908184e-01
   1.1718073e-01
  -1.3800961e-01
  -1.3434014e-01
  -1.5918099e-01
  -1.5145740e-01
  -1.2618720e-01
  -2.2855602e-02
   1.4768779e-01
   9.9684624e-02
   1.6269999e-01
   1.5713658e-01
   1.4256440e-01
   1.5728578e-01
   1.5792729e-01
   1.6459851e-01
   1.5431632e-01
   1.5306958e-01
   1.2354655e-01
   9.4262148e-02
   1.4931237e-01
   1.4076125e-01
   1.4678114e-01
   8.6078095e-02
   1.5591098e-01
   3.0646906e-02
  -1.2150527e-01
   1.9626397e-02
   1.4703640e-01
   1.0221159e-01
   1.0538020e-01
   6.7393595e-02
   1.3360026e-01
   1.2042970e-01
   9.8419902e-02
   1.5222059e-01
   1.4416228e-01
   1.5989766e-01
   1.5417957e-01
   1.5085435e-01
   7.3968485e-02
  -1.0552057e-01
  -1.2742440e-01
  -1.5015002e-01
  -1.5953963e-01
  -1.5076389e-01
  -1.5782427e-01
  -1.4336789e-01
  -1.4319080e-01
  -1.5358342e-01
  -1.3287636e-01
  -1.5450226e-01
