  -6.9148643e-03
  -3.7876728e-02
  -7.9917099e-02
  -1.3698981e-01
  -2.2956390e-02
  -2.1837005e-03
  -1.0044599e-01
  -6.9323287e-02
  -6.6163427e-02
  -4.8379475e-02
  -7.4886314e-02
  -7.4122650e-03
  -1.5621252e-01
  -1.5825920e-01
  -1.0976271e-01
   6.1867414e-02
   1.2399248e-01
   1.6219500e-01
   1.8967508e-01
   1.2918042e-01
   3.5553006e-02
   1.8410276e-01
   1.8925892e-01
   1.7429352e-01
   1.6741456e-01
   1.4483980e-01
   1.1718625e-01
   1.6631095e-01
   1.1748038e-01
   1.4844304e-01
   6.6713335e-02
   1.0012261e-01
   1.4639449e-01
   7.5615757e-02
   3.8027791e-02
   8.9320616e-02
   1.0413385e-01
   7.6384861e-02
   1.5495035e-01
   9.4628661e-02
   1.1476716e-01
   1.2125189e-01
   5.4125010e-02
   6.2486381e-02
   1.1862703e-01
   1.6212756e-01
   1.5989029e-01
   1.6494177e-01
   1.8814781e-02
  -1.1173230e-01
  -1.5966478e-01
  -1.5044934e-01
  -1.8317184e-01
  -1.8084633e-01
  -2.0890278e-01
  -1.9332392e-01
  -1.2050434e-01
  -1.9861529e-01
  -1.8542504e-01
  -1.8215474e-01
