   5.3047522e-02
   2.1551478e-02
  -3.2010759e-02
  -5.6696986e-02
   5.7495284e-02
   1.8907935e-02
  -1.5335694e-01
  -9.4498650e-02
   3.3080578e-02
   1.0520164e-01
   2.0833067e-02
   9.8455497e-02
  -3.2670540e-02
  -2.0117352e-01
  -1.7268544e-01
   3.6767770e-02
   1.7030596e-01
   1.6215924e-01
  -1.6348258e-02
   8.9195058e-02
   1.7056264e-01
   2.2969965e-01
   2.4132347e-01
   2.1493434e-01
   2.3490049e-01
   2.0150741e-01
   1.8203221e-01
  -5.2542266e-02
  -2.9606052e-03
  -3.8630496e-02
   7.7085355e-02
   5.0277329e-02
   5.7236536e-02
  -1.0534828e-01
  -1.9838714e-01
  -8.3705859e-02
   2.6686600e-02
   1.3228037e-01
   1.5208512e-01
   1.8545283e-01
   4.6065592e-02
   1.0888223e-01
   1.0637292e-01
   5.7901876e-02
   6.5457712e-02
   1.4808456e-01
   1.6443121e-01
   9.7026800e-02
  -3.5405726e-02
  -1.1669409e-01
  -1.5859695e-01
  -1.4276694e-01
  -1.8844115e-01
  -1.8337444e-01
  -1.9051126e-01
  -1.6711893e-01
  -6.9081317e-02
  -1.0562280e-01
  -1.0689526e-01
  -1.4493820e-01
