  -2.2012556e-02
  -8.0501056e-02
  -3.1813129e-02
  -1.0786540e-01
   4.2178514e-02
   3.6648426e-02
  -1.4241623e-01
  -1.4152027e-01
   1.4536393e-02
   1.2977809e-01
   6.5483499e-02
   1.3422512e-01
  -1.3505084e-01
  -1.4724694e-01
  -1.4314253e-01
   3.1832742e-02
   5.7805994e-02
   3.6560895e-03
   1.4681276e-01
   8.8281556e-02
   1.3981125e-01
   1.5535491e-01
   1.9740257e-01
   1.7716217e-01
   1.7812811e-01
   1.7847349e-01
   1.7272769e-01
  -9.1026742e-03
  -6.5189572e-02
  -6.1748029e-02
  -6.6922795e-02
  -4.2824667e-02
   6.6324562e-02
  -1.6203590e-01
  -2.1053493e-01
  -1.0998885e-01
   6.2275610e-02
   1.7034905e-01
   1.8465458e-01
   1.7533178e-01
   6.3996856e-02
   1.2322029e-01
   1.3052032e-01
   1.4015554e-01
   1.2377885e-01
   1.8276740e-01
   2.0207332e-01
   1.4886167e-01
   2.9739260e-02
  -9.1718549e-02
  -1.3368043e-01
  -1.5066209e-01
  -1.6080558e-01
  -1.5578363e-01
  -1.8391809e-01
  -1.5392235e-01
  -2.0957547e-02
  -1.4958138e-01
  -1.5440135e-01
  -1.5781521e-01
