  0.100000001       1.00000000    
  0.200000003      0.432163239    
  0.300000012      0.246497974    
  0.400000006      0.156844884    
  0.500000000      0.110829122    
  0.600000024       8.56015459E-02
  0.699999988       6.98715746E-02
  0.800000012       5.91571517E-02
  0.899999976       5.07520474E-02
   1.00000000       4.46107611E-02
   1.10000002       4.03030738E-02
   1.20000005       3.70067134E-02
   1.29999995       3.34046669E-02
   1.39999998       3.03473361E-02
   1.50000000       2.79117879E-02
   1.60000002       2.65297163E-02
   1.70000005       2.55180597E-02
   1.79999995       2.46324800E-02
   1.89999998       2.31074765E-02
   2.00000000       2.18207221E-02
   2.09999990       2.07893439E-02
   2.20000005       2.01756135E-02
   2.29999995       1.94098875E-02
   2.40000010       1.87291820E-02
   2.50000000       1.79863796E-02
   2.59999990       1.74922626E-02
   2.70000005       1.68810561E-02
   2.79999995       1.64229255E-02
   2.90000010       1.58095732E-02
   3.00000000       1.54989893E-02
   3.09999990       1.53421070E-02
   3.20000005       1.52292382E-02
   3.29999995       1.45661319E-02
   3.40000010       1.40972966E-02
   3.50000000       1.38446977E-02
   3.59999990       1.38338227E-02
   3.70000005       1.35598509E-02
   3.79999995       1.33652305E-02
   3.90000010       1.30511476E-02
   4.00000000       1.27146458E-02
   4.09999990       1.20772673E-02
   4.19999981       1.17596909E-02
   4.30000019       1.18332487E-02
   4.40000010       1.19987493E-02
   4.50000000       1.16014648E-02
   4.59999990       1.11187538E-02
   4.69999981       1.07217152E-02
   4.80000019       1.05146281E-02
   4.90000010       1.01380739E-02
   5.00000000       9.86499805E-03
   5.09999990       9.63262934E-03
   5.19999981       9.51016136E-03
   5.30000019       9.26230196E-03
   5.40000010       9.07109212E-03
   5.50000000       8.83278344E-03
   5.59999990       8.68505333E-03
   5.69999981       8.49661697E-03
   5.80000019       8.43940210E-03
   5.90000010       8.32737144E-03
   6.00000000       8.28075688E-03
   6.09999990       8.17093067E-03
   6.19999981       8.17800779E-03
   6.30000019       8.22022185E-03
   6.40000010       8.28448124E-03
   6.50000000       8.17006640E-03
   6.59999990       8.12419876E-03
   6.69999981       8.12019221E-03
   6.80000019       8.17943085E-03
   6.90000010       8.08331463E-03
   7.00000000       8.02636333E-03
   7.09999990       8.04806687E-03
   7.19999981       8.08031671E-03
   7.30000019       7.84791447E-03
   7.40000010       7.63228349E-03
   7.50000000       7.55539583E-03
   7.59999990       7.57889729E-03
   7.69999981       7.54235452E-03
   7.80000019       7.53200147E-03
   7.90000010       7.43575860E-03
   8.00000000       7.37917796E-03
   8.10000038       7.27995345E-03
   8.19999981       7.20205344E-03
   8.30000019       7.10091786E-03
   8.39999962       7.04515353E-03
   8.50000000       6.96138805E-03
   8.60000038       6.95416937E-03
   8.69999981       6.93336874E-03
   8.80000019       6.88104518E-03
   8.89999962       6.68200012E-03
   9.00000000       6.58030389E-03
   9.10000038       6.70010271E-03
   9.19999981       6.90577971E-03
   9.30000019       6.89116912E-03
   9.39999962       6.80714240E-03
   9.50000000       6.73649414E-03
   9.60000038       6.73125358E-03
   9.69999981       6.68905117E-03
   9.80000019       6.69333478E-03
   9.89999962       6.68294728E-03
   10.0000000       6.63450081E-03
   10.1000004       6.46457402E-03
   10.1999998       6.33043516E-03
   10.3000002       6.26480393E-03
   10.3999996       6.23738114E-03
   10.5000000       6.10200083E-03
   10.6000004       5.97152440E-03
   10.6999998       5.90672204E-03
   10.8000002       5.96362865E-03
   10.8999996       6.03587646E-03
   11.0000000       6.17063791E-03
   11.1000004       6.27484126E-03
   11.1999998       6.29467238E-03
   11.3000002       6.13811379E-03
   11.3999996       5.99038973E-03
   11.5000000       5.89164300E-03
   11.6000004       5.85971586E-03
   11.6999998       5.82516100E-03
   11.8000002       5.79648279E-03
   11.8999996       5.72194811E-03
   12.0000000       5.63684246E-03
   12.1000004       5.52881649E-03
   12.1999998       5.50473388E-03
   12.3000002       5.53180417E-03
   12.3999996       5.54158492E-03
   12.5000000       5.49861323E-03
   12.6000004       5.54316072E-03
   12.6999998       5.65076433E-03
   12.8000002       5.71361370E-03
   12.8999996       5.55206463E-03
   13.0000000       5.29977307E-03
   13.1000004       5.09589585E-03
   13.1999998       4.99348249E-03
   13.3000002       4.93912166E-03
   13.3999996       4.96262405E-03
   13.5000000       5.03614545E-03
   13.6000004       5.12036402E-03
   13.6999998       5.14199445E-03
   13.8000002       5.17423917E-03
   13.8999996       5.23433089E-03
   14.0000000       5.30671095E-03
   14.1000004       5.27983904E-03
   14.1999998       5.18497638E-03
   14.3000002       5.05579496E-03
   14.3999996       4.95732529E-03
   14.5000000       4.86442028E-03
   14.6000004       4.84229019E-03
   14.6999998       4.86622378E-03
   14.8000002       4.88498947E-03
   14.8999996       4.87934891E-03
   15.0000000       4.89031477E-03
   15.1000004       4.88810148E-03
   15.1999998       4.87191323E-03
   15.3000002       4.78608673E-03
   15.3999996       4.67259716E-03
   15.5000000       4.59545664E-03
   15.6000004       4.57809633E-03
   15.6999998       4.54944139E-03
   15.8000002       4.56820149E-03
   15.8999996       4.63618245E-03
   16.0000000       4.67648031E-03
   16.1000004       4.60176682E-03
   16.2000008       4.50107502E-03
   16.2999992       4.40818863E-03
   16.3999996       4.34580259E-03
   16.5000000       4.26494284E-03
   16.6000004       4.20140568E-03
   16.7000008       4.16893698E-03
   16.7999992       4.16318281E-03
   16.8999996       4.14460618E-03
   17.0000000       4.14151000E-03
   17.1000004       4.14618198E-03
   17.2000008       4.13934886E-03
   17.2999992       4.08349419E-03
   17.3999996       4.02617268E-03
   17.5000000       3.97780770E-03
   17.6000004       3.93908890E-03
   17.7000008       3.88505124E-03
   17.7999992       3.86773259E-03
   17.8999996       3.89566901E-03
   18.0000000       3.93512379E-03
   18.1000004       3.93054169E-03
   18.2000008       3.91487218E-03
   18.2999992       3.88038368E-03
   18.3999996       3.83133185E-03
   18.5000000       3.76707525E-03
   18.6000004       3.72138782E-03
   18.7000008       3.69088585E-03
   18.7999992       3.68174119E-03
   18.8999996       3.66837950E-03
   19.0000000       3.66897532E-03
   19.1000004       3.70079442E-03
   19.2000008       3.75606469E-03
   19.2999992       3.78532638E-03
   19.3999996       3.81806889E-03
   19.5000000       3.84499575E-03
   19.6000004       3.83385248E-03
   19.7000008       3.77399730E-03
   19.7999992       3.75133031E-03
   19.8999996       3.80291417E-03
   20.0000000       3.88995139E-03
   20.1000004       3.92588181E-03
   20.2000008       3.89061496E-03
   20.2999992       3.80734238E-03
   20.3999996       3.72180110E-03
   20.5000000       3.63782351E-03
   20.6000004       3.57831642E-03
   20.7000008       3.53126647E-03
   20.7999992       3.47598526E-03
   20.8999996       3.41886654E-03
   21.0000000       3.37941013E-03
   21.1000004       3.34468833E-03
   21.2000008       3.32681811E-03
   21.2999992       3.32435337E-03
   21.3999996       3.33800004E-03
   21.5000000       3.32634780E-03
   21.6000004       3.28870676E-03
   21.7000008       3.22207063E-03
   21.7999992       3.16130556E-03
   21.8999996       3.10488255E-03
   22.0000000       3.05561698E-03
   22.1000004       3.01205646E-03
   22.2000008       2.98701180E-03
   22.2999992       2.96858535E-03
   22.3999996       2.96756881E-03
   22.5000000       2.96328566E-03
   22.6000004       2.94897007E-03
   22.7000008       2.93103396E-03
   22.7999992       2.90890504E-03
   22.8999996       2.85948580E-03
   23.0000000       2.82698614E-03
   23.1000004       2.82062078E-03
   23.2000008       2.80673895E-03
   23.2999992       2.76583293E-03
   23.3999996       2.74181296E-03
   23.5000000       2.75068311E-03
   23.6000004       2.80478992E-03
   23.7000008       2.88407435E-03
   23.7999992       2.92932917E-03
   23.8999996       2.91497167E-03
   24.0000000       2.87186448E-03
   24.1000004       2.80407048E-03
   24.2000008       2.75064074E-03
   24.2999992       2.71209888E-03
   24.3999996       2.68892967E-03
   24.5000000       2.68758181E-03
   24.6000004       2.69972626E-03
   24.7000008       2.68950500E-03
   24.7999992       2.68102903E-03
   24.8999996       2.66813487E-03
   25.0000000       2.62918952E-03
   25.1000004       2.55391141E-03
   25.2000008       2.47442327E-03
   25.2999992       2.40119640E-03
   25.3999996       2.35395669E-03
   25.5000000       2.32348335E-03
   25.6000004       2.30904506E-03
   25.7000008       2.30289227E-03
   25.7999992       2.31768261E-03
   25.8999996       2.34020222E-03
   26.0000000       2.35615345E-03
   26.1000004       2.33220868E-03
   26.2000008       2.28877971E-03
   26.2999992       2.24284711E-03
   26.3999996       2.20762659E-03
   26.5000000       2.17873137E-03
   26.6000004       2.16863817E-03
   26.7000008       2.16164044E-03
   26.7999992       2.14785384E-03
   26.8999996       2.12998036E-03
   27.0000000       2.12862715E-03
   27.1000004       2.15187180E-03
   27.2000008       2.20698048E-03
   27.2999992       2.27233092E-03
   27.3999996       2.30201893E-03
   27.5000000       2.27171439E-03
   27.6000004       2.21813261E-03
   27.7000008       2.15273071E-03
   27.7999992       2.10553035E-03
   27.8999996       2.07978813E-03
   28.0000000       2.06714100E-03
   28.1000004       2.05059093E-03
   28.2000008       2.03316193E-03
   28.2999992       2.01354432E-03
   28.3999996       2.01010006E-03
   28.5000000       2.02006311E-03
   28.6000004       2.03078869E-03
   28.7000008       2.02005217E-03
   28.7999992       2.00984580E-03
   28.8999996       2.00310722E-03
   29.0000000       1.98448217E-03
   29.1000004       1.93434418E-03
   29.2000008       1.88039651E-03
   29.2999992       1.85289129E-03
   29.3999996       1.85584207E-03
   29.5000000       1.87447248E-03
   29.6000004       1.90111774E-03
   29.7000008       1.91128033E-03
   29.7999992       1.91214506E-03
   29.8999996       1.91520480E-03
   30.0000000       1.93411508E-03
   30.1000004       1.95964193E-03
   30.2000008       1.98814622E-03
   30.2999992       2.00460874E-03
   30.3999996       2.02746456E-03
   30.5000000       2.03817827E-03
   30.6000004       2.02951441E-03
   30.7000008       1.99151551E-03
   30.7999992       1.94182282E-03
   30.8999996       1.87859952E-03
   31.0000000       1.81067979E-03
   31.1000004       1.75003707E-03
   31.2000008       1.71475008E-03
   31.2999992       1.69728382E-03
   31.3999996       1.68879691E-03
   31.5000000       1.67017733E-03
   31.6000004       1.64290995E-03
   31.7000008       1.61282613E-03
   31.7999992       1.58948335E-03
   31.8999996       1.57135504E-03
   32.0000000       1.55971327E-03
   32.0999985       1.55136536E-03
   32.2000008       1.55969942E-03
   32.2999992       1.57379871E-03
   32.4000015       1.57540641E-03
   32.5000000       1.54088193E-03
   32.5999985       1.49418355E-03
   32.7000008       1.45460013E-03
   32.7999992       1.42510224E-03
   32.9000015       1.40132429E-03
   33.0000000       1.37922994E-03
   33.0999985       1.34650408E-03
   33.2000008       1.31501118E-03
   33.2999992       1.28935755E-03
   33.4000015       1.27370958E-03
   33.5000000       1.27278350E-03
   33.5999985       1.28138321E-03
   33.7000008       1.27683731E-03
   33.7999992       1.27508666E-03
   33.9000015       1.28478941E-03
   34.0000000       1.28952751E-03
   34.0999985       1.27818889E-03
   34.2000008       1.27073086E-03
   34.2999992       1.27418851E-03
   34.4000015       1.28334714E-03
   34.5000000       1.29033998E-03
   34.5999985       1.30042480E-03
   34.7000008       1.30826037E-03
   34.7999992       1.31418067E-03
   34.9000015       1.31062861E-03
   35.0000000       1.31077948E-03
   35.0999985       1.31844881E-03
   35.2000008       1.33894815E-03
   35.2999992       1.34950911E-03
   35.4000015       1.36178941E-03
   35.5000000       1.38196338E-03
   35.5999985       1.40393828E-03
   35.7000008       1.40821084E-03
   35.7999992       1.41552917E-03
   35.9000015       1.43659511E-03
   36.0000000       1.45224889E-03
   36.0999985       1.44629495E-03
   36.2000008       1.43694866E-03
   36.2999992       1.42692414E-03
   36.4000015       1.41877576E-03
   36.5000000       1.41541066E-03
   36.5999985       1.41640950E-03
   36.7000008       1.41174730E-03
   36.7999992       1.41249993E-03
   36.9000015       1.39671064E-03
   37.0000000       1.36275461E-03
   37.0999985       1.30948122E-03
   37.2000008       1.25824229E-03
   37.2999992       1.21594197E-03
   37.4000015       1.18216069E-03
   37.5000000       1.14994624E-03
   37.5999985       1.13546813E-03
   37.7000008       1.14994356E-03
   37.7999992       1.17568870E-03
   37.9000015       1.19049463E-03
   38.0000000       1.20129355E-03
   38.0999985       1.21136208E-03
   38.2000008       1.21435896E-03
   38.2999992       1.20572781E-03
   38.4000015       1.19093223E-03
   38.5000000       1.16062339E-03
   38.5999985       1.13802496E-03
   38.7000008       1.13010255E-03
   38.7999992       1.11295749E-03
   38.9000015       1.07003609E-03
   39.0000000       1.02080323E-03
   39.0999985       9.86512518E-04
   39.2000008       9.77528049E-04
   39.2999992       1.00104522E-03
   39.4000015       1.03878404E-03
   39.5000000       1.07411796E-03
   39.5999985       1.11317274E-03
   39.7000008       1.16183725E-03
   39.7999992       1.21827458E-03
   39.9000015       1.26426388E-03
   40.0000000       1.27737271E-03
   40.0999985       1.24175369E-03
   40.2000008       1.18623057E-03
   40.2999992       1.13646500E-03
   40.4000015       1.09231554E-03
   40.5000000       1.04223203E-03
   40.5999985       9.91565408E-04
   40.7000008       9.56354663E-04
   40.7999992       9.47644468E-04
   40.9000015       9.58324235E-04
   41.0000000       9.69726243E-04
   41.0999985       9.65529354E-04
   41.2000008       9.46780725E-04
   41.2999992       9.21038038E-04
   41.4000015       8.93799181E-04
   41.5000000       8.65228300E-04
   41.5999985       8.34183593E-04
   41.7000008       8.04489187E-04
   41.7999992       7.84729724E-04
   41.9000015       7.77746260E-04
   42.0000000       7.85047479E-04
   42.0999985       8.03203613E-04
   42.2000008       8.21420806E-04
   42.2999992       8.27457465E-04
   42.4000015       8.18591507E-04
   42.5000000       7.96035689E-04
   42.5999985       7.69163831E-04
   42.7000008       7.45140132E-04
   42.7999992       7.24212616E-04
   42.9000015       6.99857599E-04
   43.0000000       6.74927956E-04
   43.0999985       6.53519819E-04
   43.2000008       6.44939893E-04
   43.2999992       6.53501658E-04
   43.4000015       6.71554473E-04
   43.5000000       6.94559480E-04
   43.5999985       7.28865096E-04
   43.7000008       7.56440102E-04
   43.7999992       7.69986364E-04
   43.9000015       7.71077641E-04
   44.0000000       7.64879340E-04
   44.0999985       7.53337925E-04
   44.2000008       7.62206328E-04
   44.2999992       7.94288935E-04
   44.4000015       8.48445576E-04
   44.5000000       9.19028127E-04
   44.5999985       9.85658728E-04
   44.7000008       1.01722882E-03
   44.7999992       1.01167860E-03
   44.9000015       9.67017666E-04
   45.0000000       9.05318477E-04
   45.0999985       8.39543529E-04
   45.2000008       7.86359829E-04
   45.2999992       7.47057726E-04
   45.4000015       7.26696162E-04
   45.5000000       7.19338655E-04
   45.5999985       7.16338458E-04
   45.7000008       7.11713976E-04
   45.7999992       7.03300640E-04
   45.9000015       6.93858077E-04
   46.0000000       6.93283277E-04
   46.0999985       7.04891630E-04
   46.2000008       7.17992196E-04
   46.2999992       7.17764255E-04
   46.4000015       7.17999064E-04
   46.5000000       7.25444115E-04
   46.5999985       7.27576145E-04
   46.7000008       7.14211899E-04
   46.7999992       7.03603320E-04
   46.9000015       7.23931065E-04
   47.0000000       7.72613741E-04
   47.0999985       8.36265157E-04
   47.2000008       8.88865674E-04
   47.2999992       9.02426138E-04
   47.4000015       8.90033669E-04
   47.5000000       8.63750349E-04
   47.5999985       8.37549567E-04
   47.7000008       8.13965395E-04
   47.7999992       8.08076293E-04
   47.9000015       8.30332516E-04
   48.0000000       8.53972742E-04
   48.0999985       8.54584738E-04
   48.2000008       8.35988030E-04
   48.2999992       8.14715866E-04
   48.4000015       8.00752838E-04
   48.5000000       8.00273556E-04
   48.5999985       7.96984241E-04
   48.7000008       7.63873279E-04
   48.7999992       7.28317362E-04
   48.9000015       7.19920557E-04
   49.0000000       7.24045269E-04
   49.0999985       7.37900264E-04
   49.2000008       7.43046112E-04
   49.2999992       7.19623989E-04
   49.4000015       6.90994668E-04
   49.5000000       6.73734990E-04
   49.5999985       6.63760700E-04
   49.7000008       6.59430632E-04
   49.7999992       6.59680925E-04
   49.9000015       6.58465491E-04
   50.0000000       6.57085853E-04
   50.0999985       6.58047094E-04
   50.2000008       6.62849750E-04
   50.2999992       6.62585255E-04
   50.4000015       6.51731389E-04
   50.5000000       6.29516260E-04
   50.5999985       6.07790833E-04
   50.7000008       5.98289305E-04
   50.7999992       6.04808214E-04
   50.9000015       6.16940088E-04
   51.0000000       6.27265603E-04
   51.0999985       6.34336786E-04
   51.2000008       6.51889946E-04
   51.2999992       7.00350094E-04
   51.4000015       7.56506808E-04
   51.5000000       7.82986695E-04
   51.5999985       7.70930899E-04
   51.7000008       7.22696597E-04
   51.7999992       6.62639213E-04
   51.9000015       6.12375385E-04
   52.0000000       5.78462088E-04
   52.0999985       5.57491730E-04
   52.2000008       5.48129377E-04
   52.2999992       5.52278070E-04
   52.4000015       5.53914637E-04
   52.5000000       5.43328351E-04
   52.5999985       5.31546480E-04
   52.7000008       5.21141803E-04
   52.7999992       5.14318002E-04
   52.9000015       5.08302008E-04
   53.0000000       5.16753760E-04
   53.0999985       5.39221626E-04
   53.2000008       5.41287009E-04
   53.2999992       5.17064531E-04
   53.4000015       4.85241646E-04
   53.5000000       4.63666365E-04
   53.5999985       4.52423061E-04
   53.7000008       4.54542460E-04
   53.7999992       4.60638694E-04
   53.9000015       4.58206399E-04
   54.0000000       4.45050595E-04
   54.0999985       4.24330996E-04
   54.2000008       4.00304911E-04
   54.2999992       3.87528213E-04
   54.4000015       3.90857138E-04
   54.5000000       4.04380757E-04
   54.5999985       4.20552882E-04
   54.7000008       4.31155786E-04
   54.7999992       4.23693593E-04
   54.9000015       3.97833443E-04
   55.0000000       3.78889585E-04
   55.0999985       3.74292693E-04
   55.2000008       3.79996956E-04
   55.2999992       3.98467702E-04
   55.4000015       4.29927284E-04
   55.5000000       4.64984361E-04
   55.5999985       4.83227515E-04
   55.7000008       4.68065060E-04
   55.7999992       4.39500756E-04
   55.9000015       4.17955394E-04
   56.0000000       4.10000473E-04
   56.0999985       4.18451411E-04
   56.2000008       4.43995232E-04
   56.2999992       4.85070050E-04
   56.4000015       5.26476244E-04
   56.5000000       5.55136823E-04
   56.5999985       5.71993005E-04
   56.7000008       5.84499910E-04
   56.7999992       6.03548775E-04
   56.9000015       6.37625111E-04
   57.0000000       6.55893877E-04
   57.0999985       6.30589726E-04
   57.2000008       5.97370323E-04
   57.2999992       5.84223599E-04
   57.4000015       5.78872918E-04
   57.5000000       5.43318747E-04
   57.5999985       4.95977467E-04
   57.7000008       4.59797855E-04
   57.7999992       4.31429100E-04
   57.9000015       4.05739411E-04
   58.0000000       3.89726425E-04
   58.0999985       3.82737460E-04
   58.2000008       3.91042879E-04
   58.2999992       4.15435614E-04
   58.4000015       4.65369085E-04
   58.5000000       5.37894142E-04
   58.5999985       5.58552740E-04
   58.7000008       4.80366230E-04
   58.7999992       4.12697991E-04
   58.9000015       3.86132830E-04
   59.0000000       3.72049166E-04
   59.0999985       3.81944876E-04
   59.2000008       3.96001677E-04
   59.2999992       4.06290026E-04
   59.4000015       4.28137282E-04
   59.5000000       4.59613686E-04
   59.5999985       5.02120645E-04
   59.7000008       5.71466691E-04
   59.7999992       6.38737984E-04
   59.9000015       7.20874115E-04
   60.0000000                  NaN
