           6  -6.73881993E-02
           7 -0.165947974    
           8   3.04152388E-02
           9   9.58082676E-02
          10   5.85775934E-02
          11  -7.29120895E-02
          12   1.51141873E-02
          13 -0.199594855    
          14 -0.316276729    
          15 -0.406789094    
          16 -0.163164392    
          17  -7.63738304E-02
          18  -7.19449669E-02
          19 -0.228292525    
          20 -0.179712921    
          21 -0.153595805    
          22   7.89386593E-03
          23  -1.01503534E-02
          24   4.01490591E-02
          25   3.71193793E-03
          26 -0.138617143    
          27 -0.418877035    
          28 -0.305913150    
          29 -0.247194290    
          30 -0.125225440    
          31 -0.232528478    
          32  -8.47691447E-02
          33  -4.65668291E-02
          34   2.84521058E-02
          35   5.57137094E-02
          36  -7.70498114E-03
          37 -0.108264036    
          38   8.79884809E-02
          39   1.39094181E-02
          40 -0.111842230    
          41 -0.112501390    
          42  -7.98139945E-02
          43  -9.10546854E-02
          44  0.107237674    
          45  0.190065935    
          46  0.182150632    
          47   9.67611447E-02
          48   6.93632290E-02
          49  -6.14895895E-02
          50   6.03273138E-03
          51  -1.28809605E-02
          52  -2.22500023E-02
          53 -0.222563162    
          54 -0.178053126    
          55 -0.178194106    
          56  -9.02484357E-02
          57 -0.106280111    
          58 -0.107871622    
          59 -0.132682428    
          60  -5.53067923E-02
          61  0.125614941    
          62   5.18729119E-03
          63 -0.126102731    
          64  -7.87447020E-02
          65   3.77830341E-02
          66   7.19663799E-02
          67 -0.132488981    
          68  -1.89021317E-04
          69   3.47595103E-02
          70 -0.162969619    
          71  -2.07285061E-02
          72   5.06864898E-02
          73  -9.23943147E-02
          74   9.37421843E-02
          75   9.63915214E-02
          76   2.40627248E-02
          77 -0.105039522    
          78  0.231101170    
          79  0.447370082    
          80  0.445648402    
          81  0.276033640    
          82   5.82865849E-02
          83 -0.189515531    
          84  -9.12037212E-03
          85  0.216467604    
          86  0.218990043    
          87  0.118427858    
          88  0.120272204    
          89  0.148849085    
          90  0.117923170    
          91  0.142641366    
          92  0.170495570    
          93  0.130675197    
          94  -2.56206002E-02
          95 -0.229093894    
          96 -0.200518847    
          97 -0.145832524    
          98  -6.43225461E-02
          99 -0.201691851    
         100  -2.37768628E-02
         101  0.125938863    
         102   9.48610306E-02
         103  0.173344553    
         104  0.259490699    
         105  0.328155696    
         106  0.221323073    
         107  0.123619884    
         108  0.217738554    
         109  0.367993772    
         110  0.385144860    
         111  0.507578850    
         112  0.428007424    
         113  0.286218464    
         114  0.101666197    
         115  -1.48848314E-02
         116 -0.226777464    
         117 -0.478082836    
         118 -0.322729409    
         119 -0.270574361    
         120 -0.194314659    
         121 -0.259561956    
         122 -0.200718090    
         123 -0.137900621    
         124  -8.71567950E-02
         125 -0.131712377    
         126 -0.178113833    
         127 -0.300711155    
         128 -0.240822315    
         129 -0.254378110    
         130 -0.134326845    
         131  -7.52351508E-02
         132   9.09285918E-02
         133  0.135465845    
         134  -8.60197023E-02
         135 -0.145356432    
         136 -0.164441153    
         137 -0.328735054    
         138 -0.260157198    
         139 -0.284117371    
         140 -0.248734042    
         141 -0.237550646    
         142  -8.23132470E-02
         143 -0.146305710    
         144 -0.208346635    
         145 -0.310040623    
         146 -0.289706200    
         147 -0.281074077    
         148   7.11452961E-02
         149  0.274989605    
         150  0.253281981    
         151   8.53371099E-02
         152  -2.61593703E-02
         153 -0.101994142    
         154   9.03598964E-03
         155 -0.119587287    
         156  -7.89562240E-02
         157  -3.80024724E-02
         158 -0.108441360    
         159 -0.140281439    
         160  0.101896346    
         161  0.140435696    
         162   9.69128013E-02
         163 -0.130047292    
         164 -0.283792734    
         165 -0.378810316    
         166  -9.94935632E-02
         167   4.28523310E-02
         168  0.197310895    
         169  0.163797066    
         170   2.09416319E-02
         171 -0.219914243    
         172 -0.181391001    
         173 -0.272337198    
         174 -0.182739258    
         175 -0.109384932    
         176   3.28044803E-03
         177   3.47042754E-02
         178  0.122658983    
         179  0.144814894    
         180   8.22671503E-02
         181  -3.51531878E-02
         182   4.76070493E-02
         183   2.80954223E-02
         184  0.203545764    
         185  0.232525021    
         186  0.215170950    
         187  0.258183002    
         188  0.269240826    
         189  0.227026388    
         190  0.131194592    
         191  -8.44960939E-03
         192  -3.54470760E-02
         193  -7.03805685E-02
         194   7.47505352E-02
         195  0.138861269    
         196   1.59892105E-02
         197  -4.27400172E-02
         198   9.90048647E-02
         199  0.173651069    
         200  0.213911101    
         201  0.201097891    
         202   6.97404966E-02
         203   9.97499842E-03
         204  0.136611313    
         205  0.137401924    
         206  0.137938753    
         207  0.138494000    
         208  0.174450442    
         209  0.239857346    
         210  0.167564079    
         211  0.121592164    
         212  0.108261228    
         213  0.160803765    
         214  0.121415421    
         215   1.74784046E-02
         216   3.78743373E-02
         217   4.03030999E-02
         218  0.147285521    
         219  0.164678335    
         220  0.269775033    
         221  0.219242990    
         222  0.114411801    
         223  0.146447942    
         224   8.01776648E-02
         225   3.84093053E-03
         226  0.132521853    
         227  0.150823995    
         228  0.175602540    
         229  0.167567298    
         230  0.184342384    
         231  0.213189676    
         232  0.265296549    
         233  0.216994017    
         234  0.241349980    
         235  0.356568545    
         236  0.393556744    
         237  0.298610091    
         238  0.247719809    
         239  0.153765082    
         240   6.18532021E-03
         241  -6.79339692E-02
         242   4.64413175E-03
         243  0.208263084    
         244  0.341237277    
         245  0.406205773    
         246  0.392704725    
         247  0.314678103    
         248  0.179584771    
         249  0.134796351    
         250  0.177919954    
         251  0.204160511    
         252  0.252407312    
         253  0.393790960    
         254  0.316497535    
         255  0.327663511    
         256  0.237575993    
         257   5.88102527E-02
         258 -0.107145943    
         259 -0.149560854    
         260   3.35108861E-02
         261   9.31793004E-02
         262  -1.36042209E-02
         263 -0.212113172    
         264 -0.122248195    
         265   6.39934018E-02
         266  0.138205394    
         267  0.205002546    
         268  0.165715918    
         269   7.92202652E-02
         270  -6.30054846E-02
         271 -0.242811039    
         272 -0.194002405    
         273 -0.417784154    
         274 -0.249844849    
         275  -3.42777930E-02
         276  0.193154603    
         277  0.280071825    
         278  0.133112565    
         279 -0.140253469    
         280  -4.82588969E-02
         281 -0.175350696    
         282 -0.121366598    
         283 -0.106627181    
         284   7.15824887E-02
         285  0.169706985    
         286  0.195079282    
         287  -2.83507667E-02
         288 -0.111991100    
         289 -0.122426964    
         290 -0.120347582    
         291 -0.193122283    
         292  -5.47095090E-02
         293   1.63533203E-02
         294   6.05514757E-02
         295  0.180882394    
         296  0.251067579    
         297  0.187044382    
         298   8.58085901E-02
         299  -8.49687830E-02
         300 -0.132827044    
         301 -0.119693980    
         302 -0.168581024    
         303 -0.342707843    
         304 -0.233797550    
         305 -0.178343847    
         306 -0.146384433    
         307 -0.405193627    
         308 -0.314820588    
         309 -0.315844685    
         310 -0.246435463    
         311 -0.316717923    
         312 -0.177834928    
         313 -0.176580563    
         314 -0.155441999    
         315 -0.122527219    
         316   3.33862007E-02
         317   8.68744999E-02
         318  0.128021389    
         319   5.49376234E-02
         320   8.46287012E-02
         321   4.06679809E-02
         322   3.96413282E-02
         323  -1.30734127E-02
         324   7.34857172E-02
         325  0.227652818    
         326  0.262022704    
         327  0.177138612    
         328   1.00062545E-02
         329 -0.318860382    
         330 -0.283618003    
         331 -0.262578309    
         332 -0.158737704    
         333 -0.188837484    
         334 -0.207145572    
         335 -0.272467434    
         336 -0.124122813    
         337 -0.145080462    
         338 -0.131305248    
         339 -0.261790603    
         340 -0.109055281    
         341 -0.134527147    
         342 -0.174494967    
         343 -0.244821757    
         344  -8.01373869E-02
         345 -0.193046585    
         346 -0.160131633    
         347 -0.300491393    
         348  -9.01449993E-02
         349   9.10017116E-04
         350 -0.114397831    
         351 -0.234769046    
         352 -0.243749499    
         353 -0.207332119    
         354   1.65124740E-02
         355  0.127419919    
         356  0.134497285    
         357   5.69321960E-02
         358   2.10594330E-02
         359  -9.24524441E-02
         360 -0.110997342    
         361 -0.186268911    
         362 -0.116252206    
         363 -0.121666141    
         364   8.44794326E-03
         365  0.106082693    
         366  0.274365485    
         367  0.259996772    
         368  0.213086724    
         369   9.59889740E-02
         370  0.152229279    
         371   5.61248325E-02
         372 -0.124976449    
         373 -0.350119114    
         374 -0.120153174    
         375  0.138095677    
         376  0.253434777    
         377  0.332826972    
         378  0.412395775    
         379  0.457163036    
         380  0.409327865    
         381  0.399671048    
         382  0.417472452    
         383  0.420642078    
         384  0.377699316    
         385  0.301370472    
         386  0.139767885    
         387  0.242106020    
         388  0.477807671    
         389  0.571836293    
         390  0.426673621    
         391  0.157884732    
         392 -0.135446846    
         393 -0.275875896    
         394 -0.136853889    
         395   4.69419658E-02
         396  0.181358546    
         397   7.56186917E-02
         398  -4.55164723E-02
         399 -0.226051614    
         400 -0.328633547    
         401 -0.340529919    
         402  -8.97443071E-02
         403  -4.46325541E-02
         404  -2.92569678E-02
         405   6.16156012E-02
         406  0.149562627    
         407  0.221045256    
         408  0.305105567    
         409  0.317867160    
         410  0.170366287    
         411  -2.33070571E-02
         412  -6.97924495E-02
         413  -4.09359485E-02
         414   1.51712098E-03
         415   7.42767304E-02
         416  0.116601750    
         417   6.64658397E-02
         418   3.33759487E-02
         419 -0.133884251    
         420 -0.111533016    
         421 -0.136345789    
         422   8.22035223E-03
         423  -4.04055119E-02
         424   4.95773777E-02
         425  -9.35595632E-02
         426 -0.148501039    
         427  -2.40415093E-02
         428  0.134918064    
         429  0.147918820    
         430  0.170431688    
         431  0.123558000    
         432  0.211131841    
         433  0.129007339    
         434   6.30148277E-02
         435  0.132168964    
         436  -4.53428924E-02
         437 -0.312337160    
         438 -0.106307790    
         439  0.114075437    
         440  0.230658591    
         441  0.215975061    
         442   8.06843415E-02
         443 -0.103360496    
         444 -0.107822232    
         445 -0.132590964    
         446 -0.141578510    
         447  -1.41268885E-02
         448  0.124258593    
         449  0.233313367    
         450  0.294433832    
         451  0.353483796    
         452  0.271966904    
         453  0.214076281    
         454  0.165591106    
         455  -3.54901701E-02
         456  -5.74331433E-02
         457  -2.97690984E-02
         458   9.43435207E-02
         459  0.105023213    
         460  0.282804787    
         461  0.380904496    
         462  0.286399126    
         463  0.106036514    
         464   7.82239512E-02
         465   2.20611114E-02
         466 -0.200949371    
         467 -0.415068120    
         468 -0.207566932    
         469  0.100918137    
         470  0.209744424    
         471  0.203157231    
         472  0.137629092    
         473   1.97123718E-02
         474  -3.69425379E-02
         475 -0.134404153    
         476  -1.88400410E-02
         477   1.69051792E-02
         478  -7.68539011E-02
         479  -9.51639265E-02
         480  0.188233122    
         481  0.378926545    
         482  0.406701744    
         483  0.353364527    
         484   9.45991501E-02
         485 -0.184862629    
         486 -0.125278905    
         487  -4.54535522E-02
         488 -0.239889607    
         489 -0.418807596    
         490 -0.309936255    
         491 -0.335551739    
         492  -9.15195122E-02
         493   4.55853716E-02
         494   1.31086335E-02
         495  -7.58470595E-02
         496 -0.155809060    
         497 -0.155338481    
         498 -0.226564959    
         499 -0.370998085    
         500 -0.232027948    
         501 -0.247844473    
         502 -0.123622172    
         503 -0.175463349    
         504 -0.140971541    
         505 -0.106429055    
         506   6.46094009E-02
         507   5.51561415E-02
         508  -1.04665589E-02
         509 -0.148596838    
         510 -0.291556180    
         511 -0.425373346    
         512 -0.226459309    
         513 -0.234744966    
         514  -9.76376757E-02
         515  -6.74275681E-02
         516  -3.20242881E-03
         517  -5.90130426E-02
         518  -5.93574308E-02
         519 -0.103319295    
         520 -0.214901283    
         521 -0.302828789    
         522 -0.315475643    
         523 -0.513799489    
         524 -0.279163122    
         525 -0.201712817    
         526 -0.270441800    
         527 -0.396606266    
         528 -0.187694982    
         529  -7.54499659E-02
         530 -0.134053916    
         531 -0.301014572    
         532 -0.224647224    
         533 -0.349013150    
         534 -0.149597377    
         535 -0.141764626    
         536  -6.71662018E-02
         537 -0.124278300    
         538 -0.173403993    
         539 -0.317140818    
         540 -0.161676735    
         541 -0.143429235    
         542 -0.223558143    
         543 -0.214734033    
         544 -0.113810197    
         545 -0.150360018    
         546  -7.74831921E-02
         547  -8.94877315E-02
         548  -8.11377615E-02
         549 -0.106606714    
         550  -1.55556144E-03
         551 -0.189136282    
         552 -0.126122251    
         553 -0.219457239    
         554 -0.165951446    
         555 -0.271894515    
         556 -0.164548233    
         557 -0.107864864    
         558   1.66984473E-03
         559  -7.30480403E-02
         560  -3.54903489E-02
         561 -0.127351135    
         562  -4.51717339E-02
         563  -4.90349904E-02
         564   2.50100940E-02
         565   3.49440775E-03
         566  -7.94406086E-02
         567 -0.283638418    
         568 -0.219162107    
         569 -0.180001840    
         570 -0.238525882    
         571 -0.335598618    
         572 -0.160329089    
         573 -0.200189248    
         574 -0.241459772    
         575 -0.385638237    
         576 -0.346309513    
         577 -0.329701215    
         578 -0.128492802    
         579   4.02554348E-02
         580  0.355666310    
         581  0.424475014    
         582  0.293114334    
         583  0.131866381    
         584  -6.49550334E-02
         585 -0.198302686    
         586 -0.225308046    
         587 -0.332939148    
         588 -0.252127469    
         589 -0.360220134    
         590 -0.292130530    
         591 -0.400362372    
         592  -8.82551894E-02
         593  0.110666975    
         594   1.81616284E-02
         595 -0.199327767    
