   5.8239028e-02
   1.0464383e-01
  -4.9355244e-02
   8.6905463e-02
  -6.6865264e-02
  -1.0832182e-01
   8.6221067e-03
  -1.4362846e-02
  -8.0202389e-02
  -7.2227462e-02
   1.1086683e-01
   1.2298143e-01
   1.5063927e-01
   1.5093721e-01
   1.1794818e-01
   1.3678046e-02
  -1.4227174e-01
  -1.0652182e-01
  -1.6305820e-01
  -1.6183008e-01
  -1.5347701e-01
  -1.6267028e-01
  -1.6673131e-01
  -1.7358109e-01
  -1.5317400e-01
  -1.6314294e-01
  -1.3564849e-01
  -1.2894121e-01
  -1.4637402e-01
  -1.6170075e-01
  -1.4040057e-01
  -1.0013987e-01
  -1.6833203e-01
  -4.6099775e-02
   1.1245149e-01
   1.0417984e-02
  -1.5390291e-01
  -1.2194364e-01
  -1.1440408e-01
  -8.9160950e-02
  -1.2893097e-01
  -1.0988642e-01
  -8.2055129e-02
  -1.4151816e-01
  -1.5179375e-01
  -1.6797303e-01
  -1.5388850e-01
  -1.5810601e-01
  -9.7587199e-02
   8.9922157e-02
   1.0518597e-01
   1.5578709e-01
   1.7448191e-01
   1.6032883e-01
   1.6419969e-01
   1.4496826e-01
   1.4077361e-01
   1.5516033e-01
   1.4292982e-01
   1.6193725e-01
