 1.34811356e-01
 1.39070461e-01
 1.35419069e-01
 1.43072122e-01
 1.45401962e-01
 -1.20080405e-01
 -1.58049897e-01
 -1.56179506e-01
 -1.57986463e-01
 -1.58891979e-01
 -8.60933275e-02
 1.17814342e-01
 -4.40318486e-03
 -1.62695679e-01
 1.09278260e-01
 1.42635637e-01
 3.96257212e-02
 -1.60362124e-01
 -1.60536760e-01
 -2.99815499e-02
 -1.64247223e-01
 -1.63321400e-01
 -1.56417512e-01
 -1.63046507e-01
 -1.48328882e-01
 -8.95122074e-02
 -1.54212915e-01
 -1.54265177e-01
 -1.60214330e-01
 -9.48404676e-03
 1.65285617e-01
 1.52572925e-01
 1.51762681e-01
 3.34248894e-02
 5.24654909e-02
 1.53452582e-01
 2.59336877e-02
 -5.58408223e-02
 6.33811128e-02
 2.81787723e-02
 4.89493827e-02
 1.06170277e-01
 -1.51182186e-01
 -1.57672328e-02
 1.60685893e-01
 1.56961552e-01
 1.16861222e-01
 1.38865734e-01
 1.53219534e-01
 1.63250426e-01
 1.58787911e-01
 1.64239467e-01
 1.23702866e-01
 1.60369795e-01
 1.58787721e-01
 1.57666075e-01
 1.52420302e-01
