  -3.1833434e-02
   1.3806364e-01
  -4.5827503e-03
   1.6036780e-01
  -2.3778038e-02
  -6.4422488e-02
   6.9969981e-02
   1.4173945e-01
   1.9278165e-02
   9.9449771e-03
   5.1236851e-02
   5.7141781e-02
   1.6633946e-01
   1.5306723e-01
   1.2594292e-01
  -5.5341711e-02
  -1.4117414e-01
  -1.3590683e-01
  -1.9313165e-01
  -1.3293179e-01
  -8.1759744e-02
  -1.7356174e-01
  -1.5231478e-01
  -1.3767437e-01
  -1.4815959e-01
  -1.7556954e-01
  -1.4437681e-01
  -1.4931862e-01
  -1.8425300e-01
  -1.1077259e-01
  -1.0715235e-01
  -4.9777194e-02
  -1.9165395e-01
  -7.5685861e-02
   1.3542412e-01
   5.8010403e-02
  -1.2705917e-01
  -7.5281326e-02
  -1.2190757e-01
  -8.2625846e-02
  -7.4268479e-02
  -1.4630240e-01
  -3.6309303e-02
  -1.0939724e-01
  -8.3494599e-02
  -1.6388472e-01
  -1.8721469e-01
  -1.5482816e-01
  -7.8102032e-02
   4.9212020e-02
   1.1512870e-01
   1.6662759e-01
   1.7397577e-01
   1.5034827e-01
   1.9793244e-01
   1.5203989e-01
   1.5333585e-01
   1.8549366e-01
   1.7334682e-01
   1.6209440e-01
