1165.0
1172.0
19.62747922948101
2.0
264.0
1120.0
19.88149182232685
2.0
977.0
1590.0
19.96887547633555
2.0
165.0
258.0
20.093623428597674
2.0
1243.0
1994.0
20.28107258622755
2.0
1369.0
1560.0
20.38315572170829
2.0
164.0
1895.0
20.420990731850782
2.0
150.0
214.0
20.59668513799641
2.0
782.0
1659.0
20.764609053537118
2.0
40.0
96.0
20.863371157226336
2.0
252.0
1648.0
20.86681165308902
2.0
1294.0
1553.0
20.892085804841678
2.0
1399.0
1783.0
20.91001552512799
2.0
223.0
1096.0
20.97046666470101
2.0
596.0
622.0
20.980344171022224
2.0
27.0
699.0
20.989327242436147
2.0
640.0
1767.0
20.99515447700557
2.0
333.0
482.0
21.00886489309236
2.0
577.0
898.0
21.050061358857857
2.0
57.0
647.0
21.08474325448088
2.0
35.0
183.0
21.10645406490792
2.0
1682.0
1793.0
21.125259581336575
2.0
56.0
1039.0
21.139318686618974
2.0
36.0
675.0
21.177662965471857
2.0
58.0
421.0
21.19875497100875
2.0
664.0
1562.0
21.2089658694167
2.0
1461.0
1886.0
21.224689347275845
2.0
994.0
1070.0
21.224703834673626
2.0
1684.0
1867.0
21.250499346427297
2.0
706.0
1706.0
21.25537960169358
2.0
1086.0
1093.0
21.28115964606269
2.0
1927.0
1991.0
21.28490605211664
2.0
691.0
1830.0
21.295481296008557
2.0
285.0
593.0
21.297078054584208
2.0
566.0
1322.0
21.31170957204428
2.0
626.0
1262.0
21.321933258374095
2.0
965.0
1615.0
21.347975360636205
2.0
863.0
1160.0
21.35103239228748
2.0
1730.0
1982.0
21.362793644009606
2.0
379.0
512.0
21.371747133908084
2.0
752.0
1852.0
21.373353470454322
2.0
612.0
1460.0
21.381582840355833
2.0
1646.0
1858.0
21.3831103455912
2.0
405.0
1251.0
21.383536084581284
2.0
962.0
1872.0
21.38770612803522
2.0
472.0
493.0
21.397795222544776
2.0
656.0
1925.0
21.406454001091973
2.0
554.0
986.0
21.42058021997078
2.0
914.0
1530.0
21.421731420493764
2.0
795.0
1417.0
21.430214384042525
2.0
603.0
1280.0
21.44640461877007
2.0
287.0
1412.0
21.4466164937426
2.0
377.0
953.0
21.449668000284476
2.0
454.0
1188.0
21.475117495164692
2.0
1425.0
1440.0
21.485426428255327
2.0
741.0
1226.0
21.487624556713715
2.0
572.0
666.0
21.492119058580926
2.0
433.0
1496.0
21.548940216537193
2.0
548.0
1800.0
21.562030720154155
2.0
107.0
558.0
21.56387310716931
2.0
1056.0
1495.0
21.568549602457253
2.0
681.0
960.0
21.56898352883724
2.0
871.0
1060.0
21.5752701154655
2.0
1001.0
1012.0
21.57753690669572
2.0
44.0
1856.0
21.57940178585784
2.0
1055.0
1191.0
21.583665740887227
2.0
908.0
1606.0
21.589382100750214
2.0
1232.0
1270.0
21.59908208521763
2.0
80.0
358.0
21.602129572273967
2.0
756.0
1137.0
21.602779448988986
2.0
1472.0
1552.0
21.603872057692357
2.0
139.0
1428.0
21.603915312748672
2.0
114.0
911.0
21.60518157225191
2.0
694.0
1168.0
21.6147505642554
2.0
136.0
773.0
21.62580959367161
2.0
108.0
836.0
21.63650243579718
2.0
335.0
481.0
21.637332572670783
2.0
1479.0
1826.0
21.64239108879302
2.0
582.0
1661.0
21.643472069439532
2.0
492.0
1655.0
21.650928244097567
2.0
1324.0
1650.0
21.65873176620618
2.0
360.0
546.0
21.661135414182198
2.0
1231.0
1639.0
21.664772001789927
2.0
1201.0
1602.0
21.675059290360704
2.0
1868.0
1944.0
21.6823728901543
2.0
818.0
973.0
21.69037649251321
2.0
323.0
708.0
21.725927454599596
2.0
5.0
1287.0
21.728491348943788
2.0
1009.0
1899.0
21.730823809210587
2.0
662.0
856.0
21.736191255853367
2.0
641.0
1784.0
21.742192012838274
2.0
663.0
1733.0
21.750384471364967
2.0
1497.0
1792.0
21.75112414191664
2.0
1620.0
1621.0
21.753708067047285
2.0
170.0
255.0
21.75440530965236
2.0
306.0
1087.0
21.75726020327782
2.0
230.0
1503.0
21.75901173571788
2.0
307.0
1697.0
21.764577841261247
2.0
229.0
1827.0
21.768618037017394
2.0
983.0
1825.0
21.77395745694052
2.0
648.0
670.0
21.779473631358915
2.0
204.0
1147.0
21.781259801137637
2.0
1715.0
1912.0
21.801972520087332
2.0
1072.0
1342.0
21.8037311623008
2.0
1835.0
1996.0
21.810684966410815
2.0
218.0
719.0
21.81123583338241
2.0
134.0
921.0
21.816518764399135
2.0
730.0
1567.0
21.81680034857252
2.0
1162.0
1917.0
21.819564231084392
2.0
135.0
1812.0
21.82293362036782
2.0
343.0
1878.0
21.826521451728134
2.0
574.0
1523.0
21.83140670170072
2.0
1297.0
1652.0
21.835485357108496
2.0
534.0
1030.0
21.844575856571705
2.0
309.0
693.0
21.84697865478983
2.0
532.0
619.0
21.848281131623672
2.0
446.0
1772.0
21.852812418627167
2.0
142.0
1307.0
21.862012571839813
2.0
410.0
1660.0
21.86380611253121
2.0
391.0
1434.0
21.865392189439202
2.0
746.0
1078.0
21.86629716773427
2.0
378.0
1205.0
21.86959173358833
2.0
395.0
1210.0
21.87264698540525
2.0
147.0
943.0
21.875731613847424
2.0
168.0
1757.0
21.892921160994348
2.0
1095.0
1619.0
21.89971285099488
2.0
1295.0
1487.0
21.90087777667747
2.0
427.0
1415.0
21.905127930392187
2.0
1292.0
1983.0
21.90590726100576
2.0
684.0
1438.0
21.914457078744295
2.0
417.0
1871.0
21.924318192870327
2.0
581.0
1213.0
21.930485409648306
2.0
4.0
923.0
21.933192877980954
2.0
801.0
1332.0
21.93540291426722
2.0
1045.0
2022.0
21.94477021459523
3.0
1256.0
1300.0
21.945558793020293
2.0
851.0
1544.0
21.95094178308911
2.0
359.0
993.0
21.952027146234098
2.0
489.0
1926.0
21.956738733862178
2.0
81.0
1409.0
21.961239961008243
2.0
547.0
783.0
21.964417418177767
2.0
939.0
2067.0
21.96863828274706
3.0
1228.0
1842.0
21.974111330764927
2.0
1040.0
1806.0
21.99064989464687
2.0
698.0
1083.0
21.997928794809923
2.0
495.0
771.0
21.998247043404266
2.0
393.0
1163.0
21.999243645078963
2.0
209.0
221.0
22.00425890058246
2.0
1148.0
1193.0
22.011986331111483
2.0
631.0
1839.0
22.013686601283514
2.0
224.0
902.0
22.018147722158993
2.0
855.0
1693.0
22.018184290678278
2.0
784.0
1723.0
22.01918709665597
2.0
436.0
514.0
22.020948600212115
2.0
632.0
1557.0
22.0289150992802
2.0
963.0
1466.0
22.0295013624577
2.0
1861.0
1998.0
22.030658647892526
2.0
1167.0
1306.0
22.035257981245202
2.0
341.0
683.0
22.038826889973283
2.0
409.0
1284.0
22.045350253314524
2.0
7.0
894.0
22.045860809130545
2.0
178.0
933.0
22.05980960234378
2.0
1016.0
1088.0
22.073130186661427
2.0
504.0
1361.0
22.07696088401104
2.0
1258.0
2004.0
22.078031629977332
3.0
800.0
1578.0
22.089124901359114
2.0
85.0
1362.0
22.09055956089369
2.0
753.0
1626.0
22.09283543938834
2.0
792.0
1559.0
22.093135471110283
2.0
1422.0
1713.0
22.09451523218917
2.0
710.0
1374.0
22.09669610190487
2.0
1333.0
1378.0
22.09821209879641
2.0
251.0
924.0
22.10126449136123
2.0
1110.0
1166.0
22.104435736866883
2.0
872.0
1513.0
22.10768620282974
2.0
75.0
1080.0
22.12167565890166
2.0
1572.0
1913.0
22.128154585370467
2.0
948.0
1028.0
22.139698158896564
2.0
1211.0
1239.0
22.14124153562835
2.0
1054.0
1724.0
22.14156604490451
2.0
628.0
1237.0
22.14419186448002
2.0
348.0
506.0
22.145740935607428
2.0
68.0
1067.0
22.145976988169934
2.0
1101.0
1963.0
22.14775696027651
2.0
426.0
1146.0
22.14977338313814
2.0
739.0
877.0
22.152851928787683
2.0
528.0
1810.0
22.15719634003977
2.0
299.0
1689.0
22.15740115010321
2.0
387.0
563.0
22.158665341134583
2.0
1698.0
1971.0
22.162563504925785
2.0
1478.0
1732.0
22.165714499418694
2.0
109.0
1727.0
22.167475495483707
2.0
1840.0
2119.0
22.170053139444292
3.0
1365.0
1775.0
22.17232755780674
2.0
8.0
568.0
22.1814571021664
2.0
1453.0
1967.0
22.185232653818336
2.0
857.0
1843.0
22.187059143116763
2.0
575.0
1527.0
22.188960712977703
2.0
1420.0
1740.0
22.202138327711676
2.0
1212.0
1951.0
22.20404321421539
2.0
767.0
2016.0
22.20517956262493
3.0
1421.0
1617.0
22.206512716529325
2.0
671.0
2051.0
22.21233796813719
3.0
45.0
903.0
22.21376006048351
2.0
408.0
1778.0
22.21415382295286
2.0
758.0
1873.0
22.21684228901543
2.0
497.0
796.0
22.22466600328123
2.0
1547.0
1920.0
22.229797395580352
2.0
153.0
819.0
22.233752722129385
2.0
1105.0
1566.0
22.244920778651878
2.0
106.0
1057.0
22.245485904127083
2.0
982.0
1887.0
22.246044791900655
2.0
1380.0
1891.0
22.24795967341859
2.0
100.0
181.0
22.24800859309918
2.0
1502.0
1846.0
22.250456395159535
2.0
2.0
176.0
22.254043675248298
2.0
1818.0
1957.0
22.261479568010287
2.0
928.0
1203.0
22.261512197408024
2.0
766.0
1000.0
22.261872427704482
2.0
583.0
1436.0
22.264178051115742
2.0
145.0
169.0
22.266623786741075
2.0
991.0
1247.0
22.26665192034667
2.0
538.0
1278.0
22.27199057575509
2.0
246.0
1729.0
22.272452061896903
2.0
638.0
1338.0
22.2841986205619
2.0
465.0
486.0
22.2906769425279
2.0
919.0
992.0
22.29183918564017
2.0
122.0
1248.0
22.29219079043107
2.0
172.0
659.0
22.292363937260667
2.0
201.0
1386.0
22.297621152025705
2.0
314.0
462.0
22.2986717567903
2.0
362.0
1462.0
22.30036077472319
2.0
222.0
453.0
22.30740613874646
2.0
368.0
1860.0
22.314560990418524
2.0
543.0
1190.0
22.32025237632558
2.0
884.0
989.0
22.33087292200989
2.0
1036.0
1593.0
22.335523766141677
2.0
228.0
1862.0
22.339894094376586
2.0
449.0
975.0
22.34031985560853
2.0
1796.0
1919.0
22.343256777858816
2.0
325.0
1518.0
22.349314635624047
2.0
239.0
1721.0
22.353520715786797
2.0
386.0
1961.0
22.360151855498618
2.0
542.0
1582.0
22.360740167599634
2.0
705.0
1959.0
22.36301148169148
2.0
1281.0
1762.0
22.36439385967638
2.0
1017.0
1315.0
22.365198274978596
2.0
941.0
1313.0
22.367651874305704
2.0
467.0
477.0
22.371163996376346
2.0
755.0
1644.0
22.37214100602834
2.0
434.0
959.0
22.384207657876136
2.0
324.0
1395.0
22.387008784045932
2.0
225.0
1754.0
22.3871196330866
2.0
297.0
980.0
22.388401274684288
2.0
947.0
1238.0
22.390675584715193
2.0
604.0
725.0
22.391428161911087
2.0
561.0
2041.0
22.392775874724872
3.0
1443.0
1776.0
22.39562969906492
2.0
1669.0
1709.0
22.398051588235134
2.0
835.0
1492.0
22.399826067580516
2.0
668.0
1984.0
22.40495366972421
2.0
1509.0
1819.0
22.412069786317677
2.0
491.0
1879.0
22.416174324641023
2.0
265.0
827.0
22.428346478902032
2.0
744.0
1335.0
22.439140158985204
2.0
351.0
1471.0
22.440410286636087
2.0
841.0
1947.0
22.44786616009268
2.0
1773.0
1958.0
22.449250884899566
2.0
83.0
949.0
22.45550074743691
2.0
146.0
372.0
22.459919127032197
2.0
1464.0
2079.0
22.461986088436092
3.0
187.0
205.0
22.467194486194764
2.0
883.0
1691.0
22.468137687317842
2.0
579.0
1090.0
22.472660641543783
2.0
340.0
1309.0
22.477535894349497
2.0
650.0
1847.0
22.477943376222722
2.0
61.0
2000.0
22.48070604809259
2.0
570.0
1651.0
22.488910972217468
2.0
51.0
1543.0
22.497037370655402
2.0
1446.0
1836.0
22.51351841458229
2.0
435.0
1857.0
22.515693343534018
2.0
1320.0
1585.0
22.52001786541737
2.0
18.0
1173.0
22.521908630967
2.0
370.0
459.0
22.524245983569035
2.0
118.0
1809.0
22.525388738375568
2.0
931.0
1539.0
22.525544830447615
2.0
1797.0
2050.0
22.52745012354659
3.0
137.0
365.0
22.527869313259806
2.0
303.0
1763.0
22.53050202137093
2.0
1769.0
1902.0
22.534672357172198
2.0
879.0
913.0
22.53579950666035
2.0
268.0
1719.0
22.54229014129873
2.0
1402.0
1671.0
22.543949402121026
2.0
779.0
1685.0
22.548871326791964
2.0
197.0
830.0
22.549014934005687
2.0
1224.0
1788.0
22.549741413730935
2.0
906.0
1005.0
22.554089375705967
2.0
1164.0
1423.0
22.555517332562996
2.0
1068.0
1542.0
22.555772014613943
2.0
91.0
376.0
22.558490309542126
2.0
15.0
430.0
22.560662071952343
2.0
1426.0
2029.0
22.561736204764806
3.0
143.0
356.0
22.56179667855684
2.0
286.0
1494.0
22.562524063923682
2.0
413.0
1157.0
22.569047938085607
2.0
951.0
1720.0
22.571769935972398
2.0
526.0
892.0
22.57190512547719
2.0
585.0
1894.0
22.573262072068616
2.0
1456.0
1597.0
22.574244838591824
2.0
1574.0
1864.0
22.58389043468624
2.0
102.0
1780.0
22.584228902814985
2.0
866.0
1911.0
22.585337150556093
2.0
66.0
276.0
22.592539101471818
2.0
1408.0
1665.0
22.595816509070158
2.0
703.0
1791.0
22.600695249921035
2.0
141.0
918.0
22.60262411273532
2.0
390.0
1745.0
22.61133803394667
2.0
469.0
1701.0
22.615937145693728
2.0
1653.0
1750.0
22.619303627873293
2.0
591.0
1218.0
22.622883022794795
2.0
808.0
829.0
22.623669254628325
2.0
241.0
1678.0
22.62762968818107
2.0
912.0
1500.0
22.62872616404106
2.0
77.0
1805.0
22.629104895084932
2.0
805.0
1130.0
22.631447393870282
2.0
1004.0
1628.0
22.632295371934916
2.0
907.0
1254.0
22.63237716482182
2.0
749.0
1589.0
22.634562349802046
2.0
104.0
1893.0
22.63787171691925
2.0
184.0
1987.0
22.638052330317844
2.0
119.0
144.0
22.638212077436492
2.0
540.0
541.0
22.639585634304616
2.0
64.0
1182.0
22.651692969612178
2.0
1454.0
1950.0
22.654881731609436
2.0
513.0
832.0
22.657979310937197
2.0
1848.0
1876.0
22.660244787246153
2.0
844.0
1158.0
22.66257920074153
2.0
1116.0
1150.0
22.665124716069442
2.0
207.0
1106.0
22.667890546875924
2.0
474.0
1274.0
22.668260626492746
2.0
476.0
1355.0
22.669072710282943
2.0
310.0
2023.0
22.670374137943064
3.0
731.0
1196.0
22.67418042770129
2.0
676.0
1692.0
22.675309623967358
2.0
545.0
840.0
22.675863629226562
2.0
93.0
1804.0
22.678883631510963
2.0
757.0
1985.0
22.68064878010514
2.0
544.0
1533.0
22.682847200492642
2.0
759.0
1885.0
22.689897448474216
2.0
1041.0
1940.0
22.690808996139744
2.0
447.0
1480.0
22.693437692059728
2.0
31.0
1909.0
22.695066051775186
2.0
718.0
1753.0
22.69513989590982
2.0
625.0
1823.0
22.696697827259154
2.0
39.0
2107.0
22.696909675989716
3.0
174.0
488.0
22.702567244086566
2.0
1336.0
1969.0
22.70279820927086
2.0
738.0
1271.0
22.70903066841254
2.0
1053.0
1658.0
22.710566892494395
2.0
315.0
1569.0
22.714807489172145
2.0
490.0
1834.0
22.718756418606596
2.0
610.0
976.0
22.71951051871652
2.0
592.0
1609.0
22.722228200872323
2.0
90.0
162.0
22.724245441476512
2.0
422.0
822.0
22.724635441350728
2.0
573.0
794.0
22.7282512967298
2.0
1069.0
1704.0
22.728464677873053
2.0
357.0
1869.0
22.731385818583473
2.0
148.0
163.0
22.73284379851386
2.0
1777.0
2268.0
22.73434783433657
3.0
404.0
2005.0
22.734668259205637
3.0
1327.0
1901.0
22.736608361624057
2.0
234.0
1610.0
22.738659973213423
2.0
974.0
1250.0
22.741137430345304
2.0
13.0
1263.0
22.741730785275156
2.0
1476.0
1960.0
22.743385984330693
2.0
133.0
1914.0
22.744446277637532
2.0
1430.0
1528.0
22.744726790927547
2.0
1136.0
1245.0
22.74793221703775
2.0
266.0
849.0
22.748627285165608
2.0
1132.0
1259.0
22.749997219457097
2.0
843.0
1006.0
22.757841397233047
2.0
132.0
1801.0
22.764912128306406
2.0
518.0
1253.0
22.767907764777455
2.0
1024.0
1629.0
22.768096134227306
2.0
200.0
1050.0
22.77383036205693
2.0
244.0
1981.0
22.77720134546228
2.0
160.0
396.0
22.77782298394263
2.0
46.0
1680.0
22.78266851351761
2.0
599.0
1473.0
22.785781156156744
2.0
519.0
1401.0
22.785849654878742
2.0
702.0
945.0
22.78697678615528
2.0
67.0
1739.0
22.787237810849028
2.0
966.0
1477.0
22.788340989127093
2.0
327.0
1734.0
22.79213647333253
2.0
509.0
772.0
22.797033987273657
2.0
273.0
607.0
22.799069717317284
2.0
751.0
1192.0
22.80186745322501
2.0
722.0
1391.0
22.806302429139503
2.0
1485.0
1946.0
22.81025844896948
2.0
1075.0
1277.0
22.820992559035396
2.0
1803.0
1881.0
22.82438765574232
2.0
723.0
1968.0
22.824868830189477
2.0
654.0
713.0
22.827845733961794
2.0
564.0
1397.0
22.832355987730377
2.0
644.0
1346.0
22.834030172500974
2.0
1027.0
1490.0
22.845248887303462
2.0
1268.0
1851.0
22.853353252206876
2.0
392.0
655.0
22.85341082701932
2.0
212.0
944.0
22.86040271499879
2.0
383.0
2025.0
22.861649326921814
3.0
1638.0
1923.0
22.86267187475788
2.0
17.0
1171.0
22.866286019643287
2.0
1098.0
1738.0
22.86647208303595
2.0
1121.0
2128.0
22.866917092347478
3.0
1111.0
1373.0
22.870629809004544
2.0
260.0
860.0
22.8752228305687
2.0
820.0
2318.0
22.87963724909728
3.0
121.0
1556.0
22.880431200921972
2.0
125.0
157.0
22.88043788701241
2.0
448.0
1450.0
22.8840436739096
2.0
124.0
790.0
22.887149877008994
2.0
789.0
1591.0
22.892474218826358
2.0
1233.0
1286.0
22.893666153427713
2.0
196.0
516.0
22.89511193153637
2.0
366.0
1343.0
22.901213308124586
2.0
729.0
1209.0
22.90276709757936
2.0
416.0
1942.0
22.90352859759293
2.0
882.0
2181.0
22.906977115348067
3.0
507.0
2081.0
22.907415278289832
3.0
275.0
817.0
22.909061090513603
2.0
1092.0
1575.0
22.915712279423037
2.0
129.0
1897.0
22.9175483166308
2.0
211.0
237.0
22.92253174564216
2.0
639.0
1318.0
22.926303512287664
2.0
1845.0
1948.0
22.927357287668933
2.0
263.0
1061.0
22.93900375587351
2.0
414.0
1082.0
22.940982158855324
2.0
831.0
1010.0
22.94285636342215
2.0
177.0
1418.0
22.943048964138438
2.0
78.0
600.0
22.946099351275574
2.0
156.0
956.0
22.94691861668268
2.0
1077.0
1534.0
22.94905203609696
2.0
682.0
1817.0
22.95116906080874
2.0
549.0
637.0
22.951473905905516
2.0
533.0
2013.0
22.970732914737827
3.0
697.0
876.0
22.974174169492965
2.0
803.0
1458.0
22.97892741300638
2.0
742.0
1741.0
22.978948682884795
2.0
84.0
1966.0
22.97930603895734
2.0
1474.0
1664.0
22.986130437700872
2.0
999.0
1345.0
22.98892183960224
2.0
271.0
557.0
22.990995641607626
2.0
1204.0
1331.0
22.9942323841213
2.0
1104.0
1603.0
22.995278403353627
2.0
816.0
1811.0
22.995506089472535
2.0
1140.0
2195.0
22.995733050235497
3.0
1372.0
2140.0
22.997415307119304
3.0
367.0
1520.0
23.00031762594823
2.0
1870.0
2096.0
23.001307966970362
3.0
240.0
510.0
23.001358462313103
2.0
1323.0
1611.0
23.00926883815865
2.0
1064.0
1592.0
23.01282004604276
2.0
291.0
1807.0
23.013767160963003
2.0
737.0
1747.0
23.015128380121904
2.0
235.0
1145.0
23.01580758733724
2.0
203.0
1079.0
23.016838634654807
2.0
290.0
2211.0
23.01774122766405
3.0
382.0
696.0
23.01864978697996
2.0
236.0
278.0
23.023148546658877
2.0
505.0
1766.0
23.03178448808837
2.0
859.0
916.0
23.033049480849225
2.0
559.0
594.0
23.033921211828126
2.0
653.0
837.0
23.03911414248602
2.0
1288.0
1999.0
23.044754163668248
2.0
494.0
1627.0
23.0452918772713
2.0
123.0
1141.0
23.04707900665833
2.0
815.0
1799.0
23.04779724894071
2.0
621.0
1235.0
23.052207224497014
2.0
12.0
885.0
23.052251522514105
2.0
1376.0
1707.0
23.0536315539425
2.0
740.0
1022.0
23.055450197998546
2.0
375.0
384.0
23.056834660935152
2.0
1448.0
2365.0
23.060056251652185
3.0
292.0
1379.0
23.065850652027464
2.0
636.0
1519.0
23.07257582787436
2.0
1371.0
1910.0
23.07939703404639
2.0
567.0
1859.0
23.084401657905484
2.0
3.0
1674.0
23.085954937559332
2.0
797.0
1568.0
23.089606908352994
2.0
1122.0
1916.0
23.091630827125105
2.0
37.0
2035.0
23.092014147325
3.0
925.0
1900.0
23.094588015207236
2.0
364.0
1236.0
23.098448850512536
2.0
331.0
1941.0
23.102192230100048
2.0
720.0
1308.0
23.10244418900757
2.0
279.0
1469.0
23.103761931134216
2.0
439.0
1279.0
23.104072026540354
2.0
332.0
380.0
23.107769504588706
2.0
192.0
824.0
23.11039007054056
2.0
346.0
1752.0
23.11090178949559
2.0
1599.0
1607.0
23.114599866831178
2.0
1084.0
1831.0
23.11467289031339
2.0
206.0
1181.0
23.117819141268043
2.0
428.0
1642.0
23.120232454801148
2.0
478.0
1770.0
23.132812649336564
2.0
458.0
834.0
23.13501629667446
2.0
501.0
1980.0
23.137467479718236
2.0
995.0
1321.0
23.138168557045017
2.0
248.0
1065.0
23.148199236353648
2.0
1694.0
1935.0
23.15097788991295
2.0
14.0
1787.0
23.15910608242174
2.0
552.0
1903.0
23.160599493241477
2.0
311.0
529.0
23.166865844058112
2.0
294.0
423.0
23.17073016207836
2.0
312.0
1550.0
23.17485663143084
2.0
1442.0
1877.0
23.17524983296849
2.0
281.0
1200.0
23.17789982260617
2.0
1526.0
1700.0
23.178178381628594
2.0
616.0
1933.0
23.178910465540795
2.0
180.0
1229.0
23.179361053881745
2.0
1618.0
1936.0
23.17997956852415
2.0
231.0
1771.0
23.183310704788482
2.0
280.0
537.0
23.189954497365502
2.0
21.0
432.0
23.190894368622235
2.0
1387.0
1612.0
23.191076348409585
2.0
606.0
979.0
23.191336165599456
2.0
762.0
2054.0
23.19326165813186
3.0
208.0
1185.0
23.198182658781015
2.0
1561.0
2175.0
23.204839396942194
3.0
463.0
998.0
23.208893480869463
2.0
95.0
394.0
23.20930676629341
2.0
226.0
2020.0
23.20949901925113
3.0
113.0
615.0
23.21212876467654
2.0
874.0
2270.0
23.21415517412961
3.0
1506.0
1986.0
23.21531815323614
2.0
138.0
643.0
23.218416465820315
2.0
687.0
926.0
23.22672592520891
2.0
764.0
2137.0
23.22674583105167
3.0
110.0
1576.0
23.227806935597187
2.0
1152.0
2177.0
23.234412441331354
3.0
347.0
502.0
23.237652852079908
2.0
270.0
811.0
23.23774686495487
2.0
1260.0
1622.0
23.238119152283016
2.0
166.0
1975.0
23.25673803608919
2.0
319.0
1712.0
23.257651106862816
2.0
571.0
1990.0
23.259261085364614
2.0
848.0
1493.0
23.26038047801782
2.0
1594.0
2386.0
23.263195001843968
3.0
329.0
1081.0
23.264291360620007
2.0
1666.0
1973.0
23.26651957701774
2.0
586.0
1789.0
23.269123720674116
2.0
20.0
878.0
23.27172149756419
2.0
173.0
1756.0
23.273242507970405
2.0
634.0
1613.0
23.285567530733154
2.0
191.0
1392.0
23.28721843666799
2.0
167.0
1504.0
23.29577082701074
2.0
159.0
589.0
23.296501110824096
2.0
1219.0
1829.0
23.300701678596514
2.0
1841.0
2011.0
23.301116613613672
3.0
479.0
2125.0
23.30405721436495
3.0
185.0
1672.0
23.305057462621782
2.0
193.0
1538.0
23.3111494896377
2.0
765.0
1716.0
23.312238875945884
2.0
1314.0
1498.0
23.312993687915824
2.0
1189.0
1310.0
23.31323879541594
2.0
59.0
1217.0
23.31643632843539
2.0
1746.0
2170.0
23.323293553675562
3.0
480.0
793.0
23.324489905456677
2.0
1452.0
1924.0
23.32470125419445
2.0
1033.0
1814.0
23.326365111345797
2.0
475.0
1353.0
23.33150861939602
2.0
562.0
1112.0
23.336016645900056
2.0
29.0
838.0
23.33685311389586
2.0
716.0
889.0
23.338748254910787
2.0
130.0
785.0
23.341517963833816
2.0
1828.0
1853.0
23.346949087132064
2.0
780.0
2034.0
23.347038741436283
3.0
117.0
233.0
23.34882438388568
2.0
189.0
1978.0
23.35653445612957
2.0
598.0
1649.0
23.358630288032813
2.0
194.0
1051.0
23.36778030124969
2.0
1174.0
1525.0
23.3721561746804
2.0
1043.0
1934.0
23.37643184992055
2.0
407.0
1007.0
23.37897316981968
2.0
1115.0
1512.0
23.38124801830646
2.0
261.0
398.0
23.383841409082095
2.0
2090.0
2248.0
23.384486526043222
4.0
551.0
553.0
23.38543822255122
2.0
2208.0
2287.0
23.38556090537491
5.0
49.0
1133.0
23.389057825328276
2.0
349.0
1624.0
23.392437224269933
2.0
72.0
1266.0
23.393548019958825
2.0
560.0
1085.0
23.398755486882283
2.0
1558.0
1702.0
23.399704525989538
2.0
520.0
1177.0
23.403788358247503
2.0
680.0
2043.0
23.4043791899917
3.0
120.0
1003.0
23.404662377387933
2.0
238.0
1255.0
23.40542537796897
2.0
864.0
1703.0
23.412070372764575
2.0
1047.0
1898.0
23.41342257495926
2.0
1865.0
2290.0
23.414565890824996
3.0
1662.0
1663.0
23.418333380625118
2.0
71.0
1223.0
23.419997159291338
2.0
2049.0
2379.0
23.422288222512968
4.0
1681.0
2153.0
23.42398750794499
3.0
688.0
2039.0
23.427243408435068
3.0
584.0
1026.0
23.430571513207532
2.0
401.0
2139.0
23.433588146940114
3.0
888.0
1161.0
23.436362802515827
2.0
508.0
1419.0
23.441126089503918
2.0
1383.0
1463.0
23.441728551385296
2.0
74.0
576.0
23.442382937801753
2.0
1349.0
2101.0
23.44403802774916
3.0
778.0
1326.0
23.444818363161247
2.0
1198.0
1290.0
23.44665886015928
2.0
1445.0
1970.0
23.460012660108642
2.0
1249.0
1435.0
23.468284301007607
2.0
69.0
536.0
23.468334399740655
2.0
802.0
1350.0
23.46890111658022
2.0
660.0
1690.0
23.470402623984175
2.0
55.0
1334.0
23.472594719450147
2.0
99.0
442.0
23.473611943291143
2.0
1393.0
1524.0
23.47618898475229
2.0
1728.0
2280.0
23.47664600196201
3.0
1470.0
1816.0
23.47683513041691
2.0
1761.0
2155.0
23.477704824262894
3.0
1605.0
1964.0
23.480184324542858
2.0
79.0
1347.0
23.48306633424103
2.0
60.0
1631.0
23.48354148309859
2.0
152.0
412.0
23.483945581581246
2.0
595.0
1993.0
23.486726322224595
2.0
1414.0
2224.0
23.49143449632975
3.0
969.0
1604.0
23.49576510023317
2.0
726.0
2044.0
23.496423636453905
3.0
1029.0
1764.0
23.499557566758718
2.0
905.0
2314.0
23.502088592588823
3.0
736.0
968.0
23.506360430754338
2.0
1514.0
2364.0
23.51448080607374
3.0
1187.0
1411.0
23.519385211236262
2.0
1356.0
1467.0
23.522237370328348
2.0
326.0
1102.0
23.52602338466924
2.0
1354.0
2228.0
23.526414467178316
3.0
127.0
1074.0
23.52709960952115
2.0
54.0
1883.0
23.52829757582009
2.0
1551.0
1945.0
23.53136836763874
2.0
361.0
704.0
23.532462539206207
2.0
1244.0
1577.0
23.532781048217046
2.0
23.0
105.0
23.53352181851572
2.0
1304.0
1329.0
23.536280705534097
2.0
374.0
750.0
23.54089236379485
2.0
158.0
1076.0
23.54144839835042
2.0
6.0
1486.0
23.542263174511604
2.0
406.0
799.0
23.542623997998078
2.0
1742.0
2143.0
23.543374305845155
3.0
1759.0
2109.0
23.544847292189342
3.0
1269.0
1699.0
23.544884935195004
2.0
623.0
990.0
23.548656093170106
2.0
1381.0
2295.0
23.548832568216948
3.0
873.0
2180.0
23.54913133121747
3.0
1032.0
1194.0
23.555455014763744
2.0
1634.0
1749.0
23.564540924536082
2.0
565.0
1601.0
23.56500168714294
2.0
1406.0
2610.0
23.574998214164417
3.0
282.0
1377.0
23.579375769477807
2.0
402.0
1952.0
23.58119555296065
2.0
760.0
1348.0
23.581266685402547
2.0
352.0
1507.0
23.591075784763483
2.0
1433.0
1640.0
23.592348507247284
2.0
714.0
1511.0
23.59496489818256
2.0
1641.0
1667.0
23.598893280212764
2.0
24.0
1410.0
23.60204152606991
2.0
869.0
1303.0
23.604474393997492
2.0
1302.0
1677.0
23.605519978303715
2.0
289.0
633.0
23.608625213012004
2.0
87.0
825.0
23.608801814610022
2.0
1143.0
1359.0
23.61036489452703
2.0
1071.0
1264.0
23.61520490032295
2.0
1063.0
1555.0
23.622832291214156
2.0
128.0
2014.0
23.62756554335545
3.0
910.0
2001.0
23.6299263780109
3.0
929.0
1118.0
23.63199269008388
2.0
33.0
89.0
23.63691813167823
2.0
1537.0
2069.0
23.64780792550756
3.0
954.0
1821.0
23.655586857857877
2.0
915.0
2129.0
23.656939410696676
3.0
1149.0
2146.0
23.65769607474854
3.0
411.0
1131.0
23.660798393977647
2.0
420.0
484.0
23.663326331305267
2.0
487.0
1341.0
23.663585383304323
2.0
16.0
48.0
23.664262141339993
2.0
317.0
525.0
23.665920460011378
2.0
669.0
1736.0
23.670682746431954
2.0
1265.0
2417.0
23.673748725973084
3.0
1340.0
1657.0
23.674486677762577
2.0
1138.0
2126.0
23.675912372021177
3.0
967.0
1375.0
23.69096660350795
2.0
284.0
2293.0
23.70364960455003
3.0
25.0
624.0
23.706880545232284
2.0
1240.0
1874.0
23.71190092548087
2.0
1656.0
2351.0
23.71641864660026
3.0
1103.0
1726.0
23.72298825790166
2.0
715.0
1722.0
23.72608013633324
2.0
1178.0
1875.0
23.72871974333744
2.0
517.0
1695.0
23.733053949168323
2.0
1884.0
2451.0
23.733196479209838
3.0
247.0
1319.0
23.739208533433114
2.0
1282.0
2302.0
23.741314276255242
4.0
115.0
154.0
23.745068198915117
2.0
389.0
1285.0
23.751412723444876
2.0
1.0
661.0
23.751499804074243
2.0
677.0
1014.0
23.755176959021725
2.0
217.0
2442.0
23.75551403470047
3.0
1630.0
1647.0
23.76360273180022
2.0
776.0
1124.0
23.76581118820737
2.0
249.0
743.0
23.769276831763662
2.0
355.0
1246.0
23.772655906726293
2.0
1385.0
1598.0
23.776159348394618
2.0
1394.0
2346.0
23.781515076525928
3.0
1129.0
1515.0
23.785761286584332
2.0
301.0
1785.0
23.78618412662989
2.0
1955.0
1989.0
23.786241307525213
2.0
1633.0
1838.0
23.804925923481253
2.0
338.0
443.0
23.811242190354278
2.0
403.0
1183.0
23.812619228996823
2.0
1758.0
1921.0
23.818482420847285
2.0
464.0
1774.0
23.820623967868805
2.0
852.0
996.0
23.82084597320176
2.0
1929.0
2178.0
23.820883688389856
3.0
116.0
936.0
23.824158234970433
2.0
1795.0
2088.0
23.824740591844407
3.0
451.0
1241.0
23.8254267817179
2.0
337.0
2110.0
23.8330569708982
3.0
761.0
1416.0
23.833989437584407
2.0
587.0
1107.0
23.834277963061773
2.0
175.0
2467.0
23.83764295274992
3.0
1299.0
1616.0
23.839362682933302
2.0
814.0
1186.0
23.840391244776235
2.0
73.0
2426.0
23.842380513559874
3.0
277.0
1849.0
23.847207965460893
2.0
305.0
1546.0
23.84754948049139
2.0
810.0
1953.0
23.87294117026246
2.0
673.0
1588.0
23.875545449182113
2.0
373.0
1031.0
23.876477026023878
2.0
961.0
2108.0
23.876774418425857
3.0
1257.0
2264.0
23.88543696083301
3.0
527.0
1018.0
23.88785813411719
2.0
539.0
2055.0
23.88789551730678
3.0
788.0
1427.0
23.888120096865567
2.0
899.0
1735.0
23.888873732134748
2.0
339.0
1038.0
23.899203349846836
2.0
809.0
1202.0
23.90047811703669
2.0
665.0
1316.0
23.9031045553865
2.0
1725.0
2093.0
23.90681525512367
3.0
522.0
645.0
23.907847681603002
2.0
385.0
1711.0
23.908315344916186
2.0
470.0
1718.0
23.908540443200113
2.0
215.0
2186.0
23.916435431892648
3.0
397.0
1109.0
23.91982579396626
2.0
188.0
1351.0
23.923614076511985
2.0
1273.0
1484.0
23.925940756286952
2.0
10.0
1015.0
23.92821820428073
2.0
473.0
569.0
23.930177496932853
2.0
1670.0
2040.0
23.93657697381038
3.0
1044.0
2646.0
23.938373333091327
3.0
450.0
1743.0
23.941013670828596
2.0
429.0
1328.0
23.94878010482507
2.0
847.0
1382.0
23.94883484518935
2.0
1134.0
1459.0
23.949274772891258
2.0
524.0
605.0
23.957050066574205
2.0
2115.0
2221.0
23.95979545835134
4.0
578.0
1339.0
23.96053022085912
2.0
1449.0
2307.0
23.961410253387324
3.0
880.0
1731.0
23.963293360779208
2.0
272.0
617.0
23.970398300317132
2.0
437.0
679.0
23.97058990948595
2.0
1755.0
1922.0
23.975559999498916
2.0
415.0
2435.0
23.9797341560492
3.0
41.0
2157.0
23.982253604769387
3.0
930.0
1481.0
23.984526823566043
2.0
988.0
1696.0
23.984670990621737
2.0
1222.0
2490.0
23.98631696493087
3.0
895.0
1976.0
23.992270420323635
2.0
870.0
2475.0
23.9957006070898
3.0
1751.0
2114.0
23.996219541087815
3.0
70.0
1388.0
23.99649501708278
2.0
1206.0
1822.0
23.998985100526166
2.0
867.0
1837.0
24.003169334614228
2.0
1199.0
1455.0
24.006714203962055
2.0
11.0
2078.0
24.008879385238995
3.0
19.0
2092.0
24.009031067808245
3.0
881.0
1760.0
24.019286595392508
2.0
957.0
1094.0
24.025176360812942
2.0
336.0
1516.0
24.02668060835604
2.0
1431.0
2151.0
24.032003299972484
3.0
901.0
1100.0
24.03927994030513
2.0
1154.0
1744.0
24.0393307343789
2.0
580.0
1832.0
24.04016703965699
2.0
256.0
1352.0
24.04163002739734
2.0
1289.0
1571.0
24.04569640625942
2.0
253.0
728.0
24.045771038598932
2.0
909.0
2502.0
24.047963776918294
3.0
1058.0
1089.0
24.05695957538909
2.0
274.0
2062.0
24.057798852815225
3.0
28.0
1330.0
24.06137312585158
2.0
250.0
686.0
24.0650542136708
2.0
620.0
1531.0
24.068545232381332
2.0
865.0
1398.0
24.07082157839882
2.0
1195.0
2404.0
24.077530666597383
3.0
531.0
846.0
24.077929089418603
2.0
1491.0
1798.0
24.07824969836873
2.0
62.0
1790.0
24.0959517312048
2.0
1008.0
1906.0
24.102456226096738
2.0
747.0
2159.0
24.10361158774017
3.0
1683.0
2420.0
24.104704548615562
3.0
2116.0
2265.0
24.10625336570803
4.0
262.0
1283.0
24.108492252473045
2.0
353.0
2343.0
24.11697809720301
3.0
345.0
1813.0
24.12724124312723
2.0
227.0
2396.0
24.132857842543643
3.0
499.0
2076.0
24.135163532866862
3.0
354.0
1153.0
24.142330441246497
2.0
1977.0
2237.0
24.14351454453803
3.0
1159.0
2082.0
24.145413447517743
3.0
1396.0
1714.0
24.145544888296484
2.0
2059.0
2533.0
24.147237588012707
5.0
2061.0
2465.0
24.149643926011816
4.0
1059.0
1686.0
24.149747415492875
2.0
186.0
556.0
24.15897573473541
2.0
1114.0
1637.0
24.1614558897804
2.0
50.0
1169.0
24.1677382416539
2.0
302.0
2231.0
24.170243022140863
3.0
283.0
1768.0
24.170438794167566
2.0
1207.0
2737.0
24.17069607346332
3.0
952.0
2356.0
24.177450251589313
3.0
1705.0
2493.0
24.17859039077491
3.0
257.0
806.0
24.17874961145219
2.0
1197.0
1679.0
24.179282783634275
2.0
904.0
1293.0
24.181765598290152
2.0
630.0
1208.0
24.18423956320521
2.0
1908.0
2504.0
24.184692158915624
3.0
1305.0
1673.0
24.186790572487677
2.0
984.0
2354.0
24.189892634877285
3.0
1176.0
1317.0
24.193237281912776
2.0
1366.0
1583.0
24.194799688803563
2.0
2200.0
2494.0
24.195271603008667
4.0
399.0
2234.0
24.20024617567397
3.0
455.0
1570.0
24.20067523575715
2.0
425.0
1301.0
24.2021001782461
2.0
1048.0
2030.0
24.202568740976535
3.0
786.0
1600.0
24.205478343250242
2.0
887.0
1536.0
24.20594341279846
2.0
1119.0
1225.0
24.20670387008029
2.0
900.0
2198.0
24.211483381551396
3.0
444.0
649.0
24.21166157675387
2.0
151.0
2244.0
24.211794690373992
3.0
1020.0
1337.0
24.22682106627724
2.0
30.0
1614.0
24.23361315038525
2.0
34.0
787.0
24.234034140045775
2.0
242.0
1820.0
24.237761816601203
2.0
216.0
2353.0
24.23847523773635
3.0
2047.0
2130.0
24.239783037382214
4.0
712.0
2402.0
24.241390285854127
3.0
22.0
2411.0
24.2458449752911
4.0
483.0
987.0
24.247090286553952
2.0
942.0
2424.0
24.249025429253113
3.0
418.0
927.0
24.251505523834407
2.0
2045.0
2163.0
24.252757866844455
4.0
690.0
798.0
24.257399075589266
2.0
1565.0
1949.0
24.258728310148722
2.0
2073.0
2327.0
24.262741877161588
4.0
958.0
1034.0
24.26392154456651
2.0
82.0
1413.0
24.264586137759064
2.0
609.0
2235.0
24.26684564116515
3.0
424.0
498.0
24.27916131199456
2.0
63.0
1915.0
24.2803900978123
2.0
590.0
2052.0
24.281386170025467
3.0
2032.0
2199.0
24.283088827389925
4.0
1554.0
1802.0
24.28392118286739
2.0
1127.0
2625.0
24.299103910229757
4.0
934.0
2218.0
24.29942705860021
3.0
1384.0
1896.0
24.30168085573217
2.0
861.0
2162.0
24.30540732888474
3.0
460.0
1579.0
24.30612107111665
2.0
461.0
1595.0
24.310748797558535
2.0
1013.0
1261.0
24.31213736213851
2.0
1882.0
1943.0
24.312302441309786
2.0
1889.0
2332.0
24.312328825690017
3.0
2458.0
2760.0
24.315775004138384
5.0
1517.0
2192.0
24.318155045813842
3.0
1510.0
2530.0
24.320678513005756
4.0
245.0
853.0
24.323864719733812
2.0
304.0
1221.0
24.32528664128731
2.0
400.0
2616.0
24.325766883440856
3.0
318.0
1737.0
24.325803473343644
2.0
369.0
1937.0
24.327560605325548
2.0
131.0
1623.0
24.332617025905524
2.0
320.0
1482.0
24.334230517584956
2.0
667.0
1170.0
24.33716141888759
2.0
195.0
1437.0
24.338398295873247
2.0
1142.0
2348.0
24.34040488532006
3.0
823.0
1635.0
24.3411413425631
2.0
845.0
1451.0
24.3486364870954
2.0
456.0
2487.0
24.349356382921545
3.0
316.0
1824.0
24.352171608694498
2.0
955.0
1654.0
24.356821226939267
2.0
2080.0
2250.0
24.362145883152845
4.0
92.0
2700.0
24.36255714862779
3.0
1483.0
2217.0
24.37421912569377
3.0
9.0
1535.0
24.37431414016761
2.0
2301.0
2407.0
24.377287506522404
4.0
828.0
972.0
24.381361913572942
2.0
267.0
685.0
24.39061054469051
2.0
711.0
1429.0
24.401347703357843
2.0
1979.0
2247.0
24.40504073091473
3.0
678.0
964.0
24.40642066649044
2.0
748.0
1866.0
24.41042228048204
2.0
149.0
2409.0
24.410696528932935
3.0
210.0
804.0
24.416583281683852
2.0
308.0
1962.0
24.417568968278765
2.0
445.0
2349.0
24.42448060589733
3.0
1439.0
2246.0
24.42625005205969
3.0
328.0
1974.0
24.42852108931862
2.0
1844.0
2058.0
24.42918453040527
3.0
642.0
862.0
24.43049170424632
2.0
293.0
1151.0
24.433924568071554
2.0
629.0
1457.0
24.43735485146025
2.0
1066.0
2377.0
24.438231573177436
3.0
2113.0
2117.0
24.43862492648204
4.0
1447.0
1540.0
24.438650265140712
2.0
2031.0
2375.0
24.43945078190387
4.0
213.0
2229.0
24.445159874015516
3.0
1890.0
2512.0
24.445232683895004
3.0
1325.0
2621.0
24.447289272976683
3.0
515.0
2042.0
24.448390517998163
3.0
438.0
1939.0
24.451038108797825
2.0
2164.0
2572.0
24.460937486056505
4.0
220.0
457.0
24.464512451765756
2.0
182.0
602.0
24.46886912797331
2.0
2089.0
2253.0
24.470461644090896
4.0
769.0
1390.0
24.47780572630639
2.0
1227.0
2131.0
24.478000320634866
3.0
1645.0
2206.0
24.478018958630738
3.0
38.0
1312.0
24.48020418173384
2.0
588.0
2628.0
24.483866785700737
3.0
635.0
1905.0
24.48535688369101
2.0
897.0
1625.0
24.487753902912857
2.0
971.0
1011.0
24.489673862621093
2.0
896.0
2319.0
24.492050462574685
3.0
2056.0
2289.0
24.508203809136884
4.0
344.0
940.0
24.511928742144928
2.0
1545.0
2600.0
24.513916001620952
3.0
97.0
868.0
24.518922566715734
2.0
363.0
2682.0
24.52051584140776
3.0
839.0
2236.0
24.52397475605762
3.0
935.0
2282.0
24.541086953649952
3.0
2100.0
2252.0
24.542773061764954
4.0
298.0
2243.0
24.567605060475028
3.0
1155.0
2503.0
24.56890666197756
3.0
745.0
1717.0
24.569101379467924
2.0
707.0
917.0
24.569256362712522
2.0
937.0
1432.0
24.57012601732027
2.0
52.0
1267.0
24.570733781391237
2.0
1541.0
1907.0
24.574300847688534
2.0
1782.0
2443.0
24.575116831168565
3.0
2053.0
2576.0
24.57532785820368
4.0
198.0
555.0
24.582663091655288
2.0
920.0
2933.0
24.58733501701309
4.0
692.0
2136.0
24.593602174324182
3.0
1938.0
2286.0
24.602127029845754
3.0
440.0
1368.0
24.608154886602467
2.0
259.0
2603.0
24.614209586969828
3.0
2072.0
2259.0
24.62007507412798
4.0
1021.0
2212.0
24.626639203932093
3.0
295.0
2476.0
24.629601135511002
3.0
2324.0
2391.0
24.65427532135729
4.0
313.0
1854.0
24.66354338466897
2.0
452.0
2321.0
24.670017719018155
3.0
1407.0
1930.0
24.67078733819073
2.0
1108.0
1370.0
24.67166255160823
2.0
76.0
485.0
24.672104066539678
2.0
657.0
1833.0
24.680998781867483
2.0
2144.0
2158.0
24.685241497043087
4.0
441.0
2341.0
24.68721423637623
3.0
254.0
689.0
24.696366246871616
2.0
1573.0
2664.0
24.70070410304289
4.0
2185.0
2398.0
24.7048911274459
4.0
842.0
2757.0
24.70616485506253
3.0
2284.0
2587.0
24.716579474603655
4.0
791.0
2347.0
24.720253439259206
3.0
891.0
1581.0
24.725236856730437
2.0
500.0
1687.0
24.725250313659384
2.0
946.0
1296.0
24.73316138578628
2.0
1220.0
2739.0
24.733308819239184
4.0
2230.0
2279.0
24.733548171852416
4.0
613.0
768.0
24.73733579082047
2.0
112.0
2339.0
24.747656682300953
3.0
950.0
2121.0
24.75522531466734
3.0
1918.0
1932.0
24.7561681032046
2.0
26.0
2704.0
24.75987276583328
3.0
496.0
2316.0
24.761456942072993
3.0
468.0
774.0
24.76367182033374
2.0
101.0
1275.0
24.76512765713963
2.0
202.0
2541.0
24.769719300574184
4.0
1180.0
2654.0
24.77034917809823
3.0
1794.0
2095.0
24.773042634641424
3.0
2216.0
2543.0
24.779778440311723
4.0
695.0
2239.0
24.78359269959606
3.0
1215.0
2491.0
24.78380953779079
3.0
419.0
2461.0
24.784988689964557
3.0
53.0
466.0
24.785811695754987
2.0
1499.0
2166.0
24.787853421967686
3.0
1037.0
1252.0
24.794264914670997
2.0
103.0
350.0
24.79857844966245
2.0
511.0
1954.0
24.807230645956384
2.0
94.0
2393.0
24.809976037794424
3.0
886.0
2431.0
24.810031470671117
3.0
1586.0
1972.0
24.81176961819475
2.0
1216.0
2730.0
24.814088796796522
3.0
2406.0
2511.0
24.815603381184186
4.0
1367.0
2296.0
24.818766196610117
3.0
321.0
2803.0
24.829639132443837
3.0
32.0
1563.0
24.831832607005502
2.0
2124.0
2266.0
24.838082647028386
4.0
970.0
2182.0
24.862121050612625
3.0
126.0
1992.0
24.870296634018274
2.0
2150.0
2723.0
24.872996114817816
4.0
140.0
2357.0
24.87486623410536
3.0
2184.0
2329.0
24.87615431090774
4.0
858.0
1564.0
24.881406078624156
2.0
1091.0
1489.0
24.890882600789514
2.0
1389.0
2179.0
24.894728865573466
3.0
597.0
2464.0
24.895509036571614
3.0
300.0
727.0
24.903768176844185
2.0
807.0
1580.0
24.905904069414067
2.0
2135.0
2509.0
24.91101374216548
5.0
985.0
1522.0
24.914934242504916
2.0
521.0
2009.0
24.915800946045415
3.0
47.0
2887.0
24.915883849992372
3.0
1128.0
2738.0
24.935727327974373
3.0
2277.0
2361.0
24.939679476818156
4.0
2331.0
2372.0
24.951299282912757
4.0
1135.0
2705.0
24.958639040383325
3.0
1358.0
2323.0
24.96179143446455
3.0
611.0
1505.0
24.975292223369898
2.0
2007.0
2060.0
24.98948032110519
4.0
550.0
2550.0
24.989793213753913
3.0
875.0
2269.0
24.998094331557017
3.0
388.0
2477.0
24.999718370477446
3.0
651.0
1035.0
25.01069154532218
2.0
1404.0
2814.0
25.020387654371856
4.0
2397.0
2711.0
25.025023227759764
4.0
1242.0
1488.0
25.033547469814106
2.0
1850.0
2112.0
25.034235772340647
3.0
1424.0
2438.0
25.041086638069157
3.0
700.0
1405.0
25.04183028775443
2.0
2188.0
2568.0
25.044091726394722
5.0
2521.0
2685.0
25.045658493922666
4.0
724.0
1632.0
25.05483885638129
2.0
2418.0
2608.0
25.056869259663806
5.0
43.0
2260.0
25.059205223651198
3.0
232.0
2018.0
25.06497915281956
3.0
88.0
1956.0
25.068962194530805
2.0
342.0
2618.0
25.084706771849252
3.0
2661.0
2735.0
25.0919300963555
4.0
2002.0
2104.0
25.09278294288696
4.0
709.0
2750.0
25.1010497505746
3.0
2524.0
2813.0
25.102554960337383
4.0
296.0
1019.0
25.1029270856205
2.0
850.0
2147.0
25.109505244982333
3.0
1548.0
2532.0
25.11193258507937
3.0
2281.0
2842.0
25.113277735886577
4.0
1046.0
1344.0
25.119053481180057
2.0
2015.0
2701.0
25.119790098653745
5.0
381.0
2792.0
25.130600610572806
3.0
2057.0
2808.0
25.132810481284565
4.0
2413.0
2588.0
25.136701409380112
6.0
1113.0
1117.0
25.141087390205847
2.0
2083.0
2769.0
25.148257072432376
4.0
2219.0
2267.0
25.150052986053158
4.0
2422.0
2703.0
25.15674247944635
4.0
2275.0
2479.0
25.160469372988594
4.0
2019.0
2106.0
25.161028957317548
4.0
997.0
2721.0
25.16155273263888
3.0
334.0
1475.0
25.16566971137901
2.0
1144.0
2498.0
25.168088673307924
3.0
717.0
2724.0
25.168212733871297
3.0
1584.0
2485.0
25.172692013262356
3.0
1468.0
2505.0
25.17297646838822
3.0
2261.0
2468.0
25.194072686674197
5.0
98.0
1904.0
25.20455257814653
2.0
1529.0
2440.0
25.204929287041796
3.0
2174.0
2580.0
25.208255876670847
4.0
2262.0
2658.0
25.208936041052073
4.0
1062.0
2138.0
25.21963634567873
3.0
2214.0
2251.0
25.220466220488888
4.0
981.0
2506.0
25.220951449838328
3.0
2118.0
2258.0
25.241013393907345
4.0
330.0
2672.0
25.241286860525715
3.0
243.0
3006.0
25.25342616696631
4.0
2133.0
2614.0
25.259179278233898
5.0
2325.0
2344.0
25.26045355413442
4.0
1596.0
1765.0
25.26520242107572
2.0
734.0
2292.0
25.26747965434235
3.0
1748.0
2869.0
25.270611681665326
3.0
1892.0
1995.0
25.291587218711907
2.0
1360.0
2172.0
25.294885141460355
3.0
2091.0
2233.0
25.298458273333384
4.0
2160.0
2437.0
25.304172470110945
4.0
535.0
2496.0
25.305848989158605
3.0
2360.0
2473.0
25.306317148954495
4.0
1636.0
2297.0
25.315699283279915
3.0
155.0
1311.0
25.319744628783972
2.0
2359.0
2821.0
25.33229061612782
5.0
781.0
3014.0
25.34775357749301
3.0
1125.0
2605.0
25.35094808263384
5.0
2480.0
2956.0
25.35209821528539
5.0
1214.0
1549.0
25.35528256718224
2.0
2342.0
2400.0
25.362059476001715
5.0
2122.0
2833.0
25.372985434868475
4.0
2309.0
2362.0
25.384288663461597
4.0
2036.0
2617.0
25.3847881913609
4.0
2048.0
2299.0
25.385206894406586
4.0
2087.0
2272.0
25.393119041159935
4.0
938.0
2732.0
25.396768232262957
3.0
503.0
1688.0
25.39740429199001
2.0
431.0
1156.0
25.403336942884717
2.0
1052.0
2775.0
25.417223277990207
3.0
2897.0
2925.0
25.421476727386928
4.0
1184.0
2317.0
25.429071168667758
3.0
179.0
1931.0
25.43106163502283
2.0
2434.0
2676.0
25.432711294479873
4.0
2358.0
2459.0
25.437504152002365
4.0
1988.0
2483.0
25.447143239476247
3.0
627.0
1230.0
25.44725203572595
2.0
777.0
2870.0
25.452278728625366
3.0
618.0
2716.0
25.453099994998908
3.0
530.0
721.0
25.466682829949665
2.0
2085.0
2425.0
25.471147363159396
4.0
1023.0
2895.0
25.474571980465065
3.0
2419.0
2671.0
25.47972257795746
4.0
674.0
2722.0
25.49015084924962
3.0
2006.0
2868.0
25.498596997848633
6.0
601.0
2986.0
25.500738605448493
5.0
932.0
1073.0
25.509232911378987
2.0
471.0
2666.0
25.521633878517147
3.0
2285.0
2416.0
25.532245033577702
4.0
1888.0
2033.0
25.557805951715267
3.0
2540.0
2903.0
25.563077141618372
4.0
2278.0
2597.0
25.56480548154576
5.0
2369.0
2514.0
25.58371563554403
4.0
1521.0
2943.0
25.589129085455742
4.0
2370.0
2579.0
25.590659399913392
5.0
2065.0
2068.0
25.596521264835754
4.0
922.0
1272.0
25.5967252595198
2.0
1863.0
2662.0
25.60830391047058
3.0
1123.0
2152.0
25.609323473103135
3.0
199.0
1363.0
25.614193744991947
2.0
2203.0
2641.0
25.615578995660304
5.0
2334.0
2699.0
25.625057218057247
4.0
1444.0
2583.0
25.641110972438447
3.0
2405.0
2423.0
25.64186763431611
4.0
171.0
2633.0
25.646573003362754
4.0
2536.0
2615.0
25.648016398575358
4.0
2189.0
2745.0
25.65057987934848
5.0
1002.0
2674.0
25.65331863389771
3.0
2263.0
2553.0
25.653456775481448
4.0
2120.0
3020.0
25.659180192652364
6.0
2313.0
2958.0
25.667235635103374
5.0
2105.0
3009.0
25.671642405131436
5.0
2508.0
2644.0
25.674717667695855
4.0
2165.0
2176.0
25.677946313726856
5.0
1139.0
2856.0
25.678451362076903
4.0
754.0
2667.0
25.690165314042247
3.0
2623.0
2747.0
25.700082092855396
4.0
2245.0
2562.0
25.703571302796522
4.0
1357.0
2564.0
25.709065289653385
3.0
821.0
3113.0
25.712240465182674
3.0
2238.0
2743.0
25.712567669073678
4.0
2038.0
2849.0
25.71723095783554
4.0
2222.0
2507.0
25.721728432377585
4.0
833.0
2909.0
25.72580596625045
4.0
2978.0
2991.0
25.735179388240226
5.0
2675.0
2827.0
25.755589544391324
6.0
2563.0
2653.0
25.755759790509305
4.0
658.0
2687.0
25.76761352095248
4.0
2759.0
2953.0
25.768287291743228
4.0
2294.0
2456.0
25.769797403801892
4.0
2161.0
2523.0
25.792407126288698
4.0
1234.0
1928.0
25.79974922108304
2.0
2225.0
2557.0
25.80043425067257
4.0
2414.0
2534.0
25.80407883754555
4.0
1099.0
2867.0
25.81430949173088
3.0
2242.0
2631.0
25.818613753593908
4.0
2204.0
2232.0
25.825819944913896
4.0
1291.0
1501.0
25.82664453488764
2.0
1781.0
2599.0
25.836865886491786
3.0
672.0
2283.0
25.844355784105744
3.0
2255.0
2706.0
25.85087566544974
5.0
2300.0
2547.0
25.853207205350706
4.0
733.0
1997.0
25.857439645786197
2.0
1675.0
2841.0
25.858758016818093
4.0
2876.0
3112.0
25.868902359751075
5.0
812.0
2806.0
25.87219231849802
3.0
2629.0
2957.0
25.879650223549834
6.0
2227.0
2337.0
25.880453818691862
4.0
2385.0
3025.0
25.890929931489723
5.0
2308.0
2634.0
25.8996769077228
4.0
2240.0
2920.0
25.900051362177003
4.0
2474.0
2871.0
25.906198078219823
6.0
1042.0
1298.0
25.913860308114888
2.0
978.0
2913.0
25.915877857981673
3.0
2415.0
2591.0
25.9169952757452
5.0
770.0
2099.0
25.920875413032878
3.0
190.0
1532.0
25.92831333281516
2.0
2315.0
2399.0
25.93575639756607
4.0
2194.0
2776.0
25.938022606815892
4.0
2376.0
2390.0
25.945853577777704
4.0
2392.0
2394.0
25.973558801062357
4.0
2193.0
2645.0
25.974675607212674
5.0
2037.0
2410.0
25.97687809918192
4.0
2071.0
2642.0
25.978154687524217
4.0
2086.0
2449.0
25.98264950677572
4.0
2548.0
2695.0
25.98468026063275
4.0
2017.0
2639.0
25.992475829601663
5.0
2249.0
2846.0
25.99634283845017
6.0
2558.0
2635.0
25.997375898384742
5.0
2678.0
2734.0
25.999101808853275
4.0
608.0
3097.0
26.000530725542742
4.0
2169.0
2910.0
26.00326508510462
4.0
1779.0
2768.0
26.004501279946712
3.0
2021.0
2276.0
26.004711130671872
4.0
2027.0
2412.0
26.011362164483664
4.0
2063.0
3119.0
26.031615229027093
7.0
2010.0
3041.0
26.038010096954906
6.0
2552.0
2570.0
26.059800257710858
4.0
826.0
2831.0
26.059921412182835
3.0
2555.0
2996.0
26.07826898565525
4.0
288.0
2551.0
26.07891689188657
3.0
1364.0
2273.0
26.087866714480324
3.0
2383.0
2799.0
26.090977852333552
4.0
2408.0
2531.0
26.092275240426453
4.0
2328.0
2758.0
26.098127000568958
5.0
2630.0
2898.0
26.11734412295212
4.0
2367.0
2773.0
26.123186670901752
5.0
732.0
2694.0
26.128096323264632
4.0
2156.0
2762.0
26.135785029844758
4.0
2492.0
2829.0
26.14965890231472
5.0
2448.0
2886.0
26.164143213639345
4.0
523.0
1441.0
26.16915241154247
2.0
2526.0
2825.0
26.19525636094082
4.0
1175.0
1400.0
26.197935054302473
2.0
1508.0
2210.0
26.19949094684547
3.0
2781.0
3236.0
26.20006808244401
6.0
65.0
269.0
26.202795831048828
2.0
1676.0
2872.0
26.204581674692463
3.0
2441.0
3011.0
26.21017941348664
4.0
701.0
2462.0
26.210879531618478
3.0
2003.0
2539.0
26.21149834657241
5.0
1786.0
2754.0
26.212385931902013
4.0
1097.0
2659.0
26.224076821982468
4.0
2209.0
2873.0
26.22694551533255
4.0
2384.0
2752.0
26.228074005094815
4.0
2596.0
2926.0
26.229897536127837
4.0
2190.0
2256.0
26.23059846943293
4.0
2790.0
2935.0
26.235476906447808
6.0
2718.0
2848.0
26.24656083957786
4.0
614.0
2959.0
26.24727646784057
4.0
2271.0
2878.0
26.254419844678683
7.0
2024.0
3148.0
26.255027058408363
5.0
2395.0
2893.0
26.25816617209555
4.0
2338.0
2585.0
26.26721398584842
4.0
1808.0
2791.0
26.267501001565105
4.0
2134.0
2586.0
26.268786958308947
4.0
42.0
775.0
26.272329563761907
2.0
2026.0
3164.0
26.297854280590514
6.0
161.0
2900.0
26.315339981087103
3.0
219.0
2971.0
26.320590821550333
3.0
2819.0
3030.0
26.32179556038296
4.0
2619.0
3056.0
26.326530718769646
4.0
890.0
2857.0
26.326583342261113
3.0
1025.0
3089.0
26.33030954045024
4.0
2510.0
2624.0
26.33236061258359
4.0
2445.0
2707.0
26.34237115653971
4.0
2312.0
2373.0
26.345276101683254
4.0
2077.0
2810.0
26.349082049738062
4.0
2529.0
2931.0
26.351610573879437
6.0
2149.0
2748.0
26.35778007712065
5.0
2638.0
2801.0
26.360448634914047
4.0
86.0
2517.0
26.367053232204114
3.0
2084.0
2697.0
26.391596097133334
4.0
2320.0
2569.0
26.39314007569283
4.0
2840.0
2912.0
26.393260394691016
4.0
2207.0
2446.0
26.414363648146235
5.0
2191.0
2363.0
26.415508368872768
4.0
646.0
2173.0
26.415684793596736
3.0
2401.0
2955.0
26.42827285271345
5.0
2717.0
2772.0
26.43022958969792
4.0
2368.0
2919.0
26.431163121567835
4.0
2142.0
2500.0
26.43929603947318
5.0
2670.0
2989.0
26.44297835070524
6.0
763.0
2098.0
26.44854422368499
3.0
2481.0
2855.0
26.459754474609262
4.0
2455.0
3175.0
26.46765380481445
6.0
2012.0
2168.0
26.485637816852606
4.0
2381.0
3046.0
26.49769261007505
6.0
2554.0
2727.0
26.49870534202731
4.0
2333.0
3109.0
26.502302372791714
6.0
2518.0
2882.0
26.504507865760488
4.0
2567.0
2637.0
26.504528519336006
5.0
2495.0
3073.0
26.506370442317518
4.0
735.0
2874.0
26.51346562592771
4.0
2436.0
2566.0
26.518422955094074
4.0
2305.0
2941.0
26.528653273645737
4.0
854.0
2905.0
26.53663355027282
3.0
2421.0
2538.0
26.538633178998555
4.0
3038.0
3047.0
26.553380226859836
6.0
2636.0
2712.0
26.55555756736213
4.0
2241.0
2457.0
26.560946600720822
5.0
2403.0
2899.0
26.57319746800518
4.0
2064.0
2740.0
26.577342353327992
4.0
1465.0
3019.0
26.58692578239083
4.0
2577.0
3158.0
26.596970819279868
4.0
2378.0
2742.0
26.61158807678361
4.0
2075.0
3110.0
26.62115791625516
5.0
2453.0
2729.0
26.623011318134115
5.0
2102.0
2303.0
26.628838557643686
4.0
2074.0
2668.0
26.632270845144205
4.0
2859.0
3002.0
26.63404584924483
4.0
2571.0
3091.0
26.635233211189146
4.0
2213.0
2852.0
26.65222241537493
4.0
2525.0
2824.0
26.65270366928303
5.0
2463.0
2879.0
26.65705434968873
4.0
2749.0
3181.0
26.66884580102405
6.0
2516.0
2987.0
26.683260811930403
6.0
2612.0
2823.0
26.689183630610046
5.0
893.0
2786.0
26.706867911051855
3.0
2097.0
2515.0
26.707702043673414
4.0
2167.0
2845.0
26.71045829568688
4.0
2647.0
2698.0
26.712181934775383
5.0
2471.0
2787.0
26.71511439425763
4.0
2689.0
3159.0
26.72380887065389
7.0
2497.0
2950.0
26.730076305285856
6.0
2388.0
2949.0
26.730241432954784
5.0
2836.0
3186.0
26.73084273435083
7.0
652.0
2906.0
26.7411944043199
3.0
2447.0
2513.0
26.752164767129987
4.0
0.0
322.0
26.756330182215965
2.0
2066.0
2901.0
26.760268932376558
5.0
2726.0
2982.0
26.76644709917457
4.0
2254.0
3036.0
26.76770563848062
7.0
2103.0
2371.0
26.767737941693085
5.0
2145.0
2439.0
26.771060948124678
4.0
2622.0
3086.0
26.77511148111091
5.0
2274.0
2454.0
26.779217568481364
4.0
2196.0
2549.0
26.78730834295995
5.0
2584.0
3053.0
26.811144671897495
4.0
2575.0
2589.0
26.81729312761249
4.0
2862.0
2923.0
26.827652517666156
6.0
2340.0
2650.0
26.82790253733589
4.0
1710.0
2844.0
26.84728129186667
3.0
2789.0
3147.0
26.849011204069253
6.0
1880.0
2975.0
26.859582117432897
4.0
2046.0
2938.0
26.867515373480742
4.0
2488.0
2606.0
26.871396655630786
5.0
2939.0
3012.0
26.872238168884692
5.0
2537.0
2578.0
26.883721087893683
5.0
2709.0
3061.0
26.885712213784046
5.0
2702.0
3033.0
26.90601029312865
5.0
1855.0
2817.0
26.92047134350555
3.0
1608.0
2387.0
26.92125313289893
3.0
2205.0
2951.0
26.92764711180932
4.0
1965.0
2755.0
26.930929839372713
3.0
2519.0
3136.0
26.93501164963002
5.0
371.0
2683.0
26.939469204060448
3.0
2310.0
3027.0
26.947282170689327
6.0
2767.0
2815.0
26.96100802308702
5.0
2527.0
2559.0
26.977541592069624
4.0
2665.0
2783.0
26.985788867786045
4.0
2380.0
2720.0
26.99167204176015
4.0
2594.0
2788.0
27.01008099172608
4.0
2822.0
3080.0
27.01127337259453
6.0
2460.0
2983.0
27.01451577720723
7.0
1049.0
2756.0
27.019028928041465
3.0
2452.0
2995.0
27.02880434091565
6.0
2215.0
2980.0
27.036985159991854
4.0
2979.0
3360.0
27.04573736307142
6.0
2008.0
2990.0
27.050319649205534
5.0
2648.0
2780.0
27.05547104425683
4.0
1179.0
3166.0
27.067724609238027
4.0
2366.0
3227.0
27.071711571293516
7.0
2544.0
2948.0
27.101795204240915
4.0
1403.0
2187.0
27.106304010155345
3.0
2655.0
2969.0
27.10774795694383
6.0
2673.0
3203.0
27.111925504275224
7.0
2708.0
2976.0
27.12637103614087
8.0
2450.0
3007.0
27.145775258008747
6.0
2601.0
2977.0
27.15003994337928
4.0
2796.0
3191.0
27.158886595910534
6.0
2389.0
2741.0
27.16531035473074
4.0
2444.0
2884.0
27.168308045966697
4.0
1668.0
2944.0
27.170475013191073
3.0
2992.0
3129.0
27.177309534242788
6.0
2795.0
3171.0
27.179300917220388
7.0
2330.0
2883.0
27.183142652647494
5.0
2592.0
3296.0
27.18730729636469
5.0
2733.0
2965.0
27.201528425521158
6.0
2651.0
3048.0
27.21001412362773
5.0
2885.0
3103.0
27.219735599655486
4.0
3054.0
3127.0
27.22066002457468
5.0
2352.0
2428.0
27.235028038038255
4.0
2484.0
3013.0
27.23572189034037
5.0
2751.0
2964.0
27.241528073410944
4.0
2853.0
2934.0
27.254922041739462
5.0
1276.0
2713.0
27.271049666245187
4.0
2430.0
2535.0
27.28884213315543
6.0
2335.0
3335.0
27.295192033278248
8.0
2888.0
3271.0
27.29672397524953
7.0
2904.0
3167.0
27.298783921178178
7.0
2902.0
3024.0
27.30566063312958
6.0
2719.0
3289.0
27.3069390480319
7.0
2865.0
3062.0
27.325070337852107
5.0
2560.0
2693.0
27.346747436789553
5.0
2798.0
2998.0
27.353388485525432
5.0
2127.0
2907.0
27.354985992067448
6.0
2763.0
2839.0
27.357695379665568
4.0
2816.0
2861.0
27.359221342515177
7.0
2132.0
3008.0
27.368754636343585
5.0
2854.0
3126.0
27.369741301922712
5.0
2649.0
2715.0
27.37712347401798
4.0
2613.0
3118.0
27.38256209267018
4.0
2226.0
2374.0
27.388020648895875
4.0
2877.0
3130.0
27.398579564541045
6.0
2223.0
2809.0
27.421889646618382
5.0
2807.0
3190.0
27.42458136790286
4.0
3123.0
3309.0
27.425916765461
8.0
2304.0
2469.0
27.43965594343625
4.0
2201.0
2611.0
27.447510804211653
5.0
2322.0
2974.0
27.453742447103785
5.0
2350.0
3245.0
27.463615448145593
7.0
1708.0
3037.0
27.480098164420486
3.0
2677.0
3131.0
27.481820599133428
4.0
3228.0
3375.0
27.48391399788229
7.0
2183.0
2632.0
27.485341671754586
4.0
2345.0
2728.0
27.487143927106832
4.0
2288.0
3286.0
27.495073879237946
6.0
3177.0
3372.0
27.498432501085304
7.0
2838.0
2963.0
27.516021528068443
4.0
2805.0
2914.0
27.518586934565832
4.0
2640.0
3193.0
27.532989638436362
5.0
2830.0
3328.0
27.591235094756936
6.0
2520.0
2690.0
27.59275577450117
4.0
3154.0
3358.0
27.598307606988815
8.0
1815.0
2336.0
27.602954845012842
3.0
1126.0
2094.0
27.63052285543073
3.0
2148.0
3247.0
27.64301491390613
6.0
2981.0
2984.0
27.6505102202511
5.0
2326.0
3094.0
27.67747093732658
6.0
2684.0
3100.0
27.685278632438717
7.0
2556.0
3010.0
27.690734965762005
5.0
2111.0
3214.0
27.691374433385995
5.0
2545.0
2837.0
27.69783448036707
4.0
111.0
3018.0
27.70092840532237
3.0
2681.0
2942.0
27.70340155035885
6.0
3076.0
3189.0
27.70733886181531
8.0
2917.0
3253.0
27.733169355749578
5.0
2123.0
3120.0
27.74863573184405
6.0
2691.0
3173.0
27.766380892518907
6.0
1587.0
2686.0
27.76780607380747
4.0
2070.0
2478.0
27.786151782106415
4.0
2470.0
2960.0
27.81064990126356
4.0
2714.0
3322.0
27.81215874605691
6.0
2486.0
2761.0
27.84019866724439
4.0
3135.0
3146.0
27.855149713839502
5.0
3017.0
3217.0
27.860751757948755
7.0
2828.0
2999.0
27.87235018792883
4.0
2154.0
2918.0
27.89188518658763
5.0
2657.0
3035.0
27.894585642673473
4.0
813.0
2851.0
27.89609697498262
3.0
2764.0
3287.0
27.896537515921
9.0
2542.0
3039.0
27.8973005125409
5.0
2565.0
3040.0
27.899726290389943
5.0
2881.0
3143.0
27.90942109353512
9.0
1643.0
3250.0
27.914053599754432
3.0
2985.0
3099.0
27.946273316954702
5.0
2973.0
3292.0
27.949745818621125
8.0
3021.0
3356.0
27.951704822333422
8.0
2499.0
3029.0
27.955584660907746
6.0
2967.0
3201.0
27.95738167176653
4.0
2291.0
2692.0
27.965970705012726
4.0
2306.0
3060.0
27.97036767716987
7.0
2522.0
3032.0
27.978496580552505
5.0
2679.0
2972.0
27.98955340924703
5.0
2582.0
3140.0
28.016101791977007
5.0
2472.0
3150.0
28.03816104680042
7.0
2432.0
3043.0
28.051031880294055
5.0
2528.0
2804.0
28.081480170361193
6.0
2197.0
2936.0
28.108626048681273
4.0
2774.0
3336.0
28.12949344077851
7.0
2812.0
3001.0
28.13456857394466
5.0
3063.0
3199.0
28.150376024715552
7.0
2777.0
3297.0
28.157068420724123
7.0
2927.0
3441.0
28.172664930685233
5.0
2770.0
3233.0
28.243484895902444
6.0
2433.0
3344.0
28.249553381280002
7.0
2355.0
3332.0
28.279228887377617
8.0
2961.0
3484.0
28.29198423587013
5.0
2924.0
3195.0
28.2928675629839
7.0
2202.0
2896.0
28.312586779044906
4.0
2627.0
3434.0
28.31879355742577
8.0
3223.0
3248.0
28.343525007435808
9.0
2818.0
3045.0
28.366149510342854
5.0
2779.0
3116.0
28.369943021286677
8.0
3016.0
3284.0
28.381606682428124
7.0
3124.0
3134.0
28.407802072297745
7.0
3000.0
3367.0
28.437601218822515
8.0
3102.0
3397.0
28.440581365402075
10.0
2945.0
3268.0
28.443618177765334
7.0
2028.0
2656.0
28.44629987853277
5.0
2947.0
3196.0
28.447592920620515
4.0
2574.0
3138.0
28.452322183700225
4.0
2753.0
2797.0
28.463048248052722
4.0
3128.0
3237.0
28.474901796156132
6.0
2875.0
3194.0
28.484329999863483
6.0
3034.0
3180.0
28.486745627008325
6.0
3105.0
3117.0
28.486998910096094
8.0
2595.0
2929.0
28.49487706767635
6.0
2626.0
2863.0
28.51610646322597
5.0
2466.0
3238.0
28.52722023504646
6.0
2802.0
3095.0
28.527991513187345
6.0
2220.0
3290.0
28.571045098311632
5.0
2746.0
3197.0
28.581658048726197
6.0
2663.0
3337.0
28.589109329776374
5.0
2946.0
3059.0
28.595727906031726
4.0
2609.0
3431.0
28.605997971581242
7.0
2731.0
3408.0
28.648860648534846
8.0
3122.0
3413.0
28.68524691177733
8.0
2429.0
3182.0
28.690688546883546
7.0
2660.0
3165.0
28.70091113225192
8.0
3207.0
3269.0
28.72936803772354
12.0
2501.0
3433.0
28.75033633771961
8.0
3022.0
3222.0
28.75707100043402
7.0
2257.0
3179.0
28.759532157410703
7.0
2710.0
3090.0
28.76446834041514
7.0
2866.0
3157.0
28.767843309836564
6.0
2847.0
3258.0
28.772039305563187
6.0
2766.0
3255.0
28.77237527454029
4.0
2782.0
2966.0
28.77743243210933
7.0
2593.0
2880.0
28.795020927717907
6.0
2889.0
3469.0
28.81449737298067
9.0
2620.0
2826.0
28.817564085217654
7.0
2382.0
3042.0
28.82996184521092
6.0
2785.0
3283.0
28.836849235130504
7.0
2940.0
3101.0
28.85864254747079
9.0
2311.0
3244.0
28.865135425009452
6.0
2744.0
3460.0
28.86632491767983
7.0
2581.0
3251.0
28.91760719976375
6.0
3361.0
3479.0
28.924430053490056
6.0
3031.0
3321.0
28.93534310458972
6.0
3285.0
3319.0
28.93615477329863
9.0
2765.0
2858.0
28.9536366251615
5.0
2916.0
3448.0
28.960270343125874
6.0
2892.0
3067.0
28.968429157908304
5.0
3050.0
3211.0
28.975494170430604
4.0
2604.0
2843.0
29.008444127597997
5.0
3200.0
3355.0
29.025602473845836
8.0
2911.0
3342.0
29.037610855100034
11.0
3188.0
3483.0
29.075430655207068
13.0
3219.0
3327.0
29.086446455772446
8.0
3160.0
3198.0
29.087338949075022
7.0
2489.0
3382.0
29.088589899889957
8.0
2921.0
3270.0
29.090857231485547
8.0
2835.0
3392.0
29.091709790900364
7.0
2793.0
3209.0
29.091873288062082
6.0
3320.0
3350.0
29.09341894572583
8.0
2988.0
3015.0
29.098255423846307
5.0
3393.0
3462.0
29.100597820632366
7.0
2643.0
2725.0
29.101151504332606
5.0
3176.0
3387.0
29.10317355356792
10.0
3069.0
3229.0
29.12950347403695
6.0
3066.0
3074.0
29.130412438984386
9.0
2482.0
2573.0
29.13856902342525
4.0
2546.0
3416.0
29.143832778184787
8.0
2652.0
3065.0
29.15038264684922
6.0
2832.0
3139.0
29.165921670125183
7.0
3187.0
3315.0
29.17087589238379
7.0
2561.0
3267.0
29.174703561508565
7.0
2771.0
3087.0
29.177758113522966
7.0
2930.0
3145.0
29.181858620666997
4.0
2860.0
3064.0
29.189717645363864
5.0
3072.0
3192.0
29.212456128719523
8.0
2427.0
3083.0
29.218430363105853
6.0
3104.0
3249.0
29.221285942383975
7.0
3302.0
3348.0
29.226913674006177
5.0
2970.0
2994.0
29.23046726122453
7.0
3096.0
3162.0
29.23232525248405
8.0
3352.0
3425.0
29.2585703113748
11.0
3070.0
3442.0
29.270663662979512
7.0
2811.0
3232.0
29.272870064821834
6.0
2607.0
3111.0
29.343406548637752
7.0
2954.0
3277.0
29.350224746942825
6.0
3026.0
3329.0
29.359074029655414
6.0
3081.0
3204.0
29.379077149022216
7.0
2922.0
3548.0
29.38591839856314
10.0
3378.0
3405.0
29.402052285291706
9.0
3215.0
3364.0
29.40617842617048
6.0
3155.0
3401.0
29.40828905995153
6.0
3281.0
3430.0
29.410712589908517
7.0
3426.0
3429.0
29.423022714846134
9.0
2680.0
3224.0
29.426093149797154
7.0
3174.0
3178.0
29.43045540072725
6.0
3142.0
3512.0
29.482699334024044
8.0
3088.0
3218.0
29.494678835523665
7.0
3341.0
3385.0
29.505402370224818
10.0
3082.0
3347.0
29.529019510323185
8.0
3108.0
3333.0
29.585727943216906
8.0
3003.0
3078.0
29.590792978932292
4.0
2834.0
3362.0
29.59250945384171
9.0
3156.0
3435.0
29.592905097863763
7.0
3085.0
3316.0
29.59776789805112
6.0
2962.0
3311.0
29.64845902610304
6.0
3264.0
3369.0
29.661488740451762
9.0
3092.0
3303.0
29.664558913688932
7.0
3161.0
3363.0
29.667443223050665
7.0
2598.0
3563.0
29.701883193842704
7.0
3071.0
3325.0
29.704013337380992
8.0
3276.0
3400.0
29.704560572188242
10.0
3241.0
3388.0
29.740895386054202
9.0
2590.0
3121.0
29.750920935541156
9.0
3044.0
3424.0
29.760244008227268
8.0
3106.0
3466.0
29.76306839245503
7.0
3306.0
3357.0
29.798460459926105
10.0
3380.0
3421.0
29.80657144598088
11.0
2688.0
3313.0
29.807546289800875
6.0
3275.0
3307.0
29.833666410610714
6.0
3114.0
3172.0
29.85480271802549
10.0
3023.0
3220.0
29.872136156773696
7.0
3451.0
3470.0
29.879179052415974
10.0
3170.0
3343.0
29.881449846194016
11.0
3239.0
3472.0
29.884906487537023
9.0
3212.0
3467.0
29.90036764725341
9.0
3310.0
3403.0
29.90321437958504
11.0
3055.0
3450.0
29.915439914044104
8.0
3028.0
3300.0
29.91781470306164
8.0
3374.0
3399.0
29.92431535773848
11.0
2171.0
3489.0
29.934844748764
6.0
2141.0
2736.0
29.97032611007476
5.0
3492.0
3531.0
29.99478881733692
10.0
2602.0
3527.0
30.002526067607587
9.0
3169.0
3508.0
30.00500892965942
12.0
2669.0
2928.0
30.04570359690538
5.0
2800.0
2997.0
30.05775676387104
5.0
2932.0
3420.0
30.06317464591465
9.0
3379.0
3613.0
30.112121421317266
11.0
3371.0
3473.0
30.146933286287815
7.0
2696.0
3505.0
30.150051480095456
10.0
3141.0
3454.0
30.15221460781608
7.0
3149.0
3246.0
30.165197010850278
8.0
3213.0
3417.0
30.168556099519606
13.0
3293.0
3386.0
30.206460191287345
8.0
3308.0
3488.0
30.2289174003468
12.0
2850.0
3125.0
30.239132425101023
6.0
3261.0
3305.0
30.2446006891878
8.0
3235.0
3256.0
30.244799156685634
9.0
3210.0
3428.0
30.257801268708576
11.0
2778.0
3163.0
30.2632251720862
7.0
3384.0
3647.0
30.275476642134105
8.0
3545.0
3578.0
30.276525781797645
11.0
3299.0
3503.0
30.278143260237055
9.0
3398.0
3611.0
30.28179097278486
10.0
3266.0
3452.0
30.337728834275342
10.0
3318.0
3615.0
30.37327741061904
12.0
3438.0
3557.0
30.38269217289736
11.0
3107.0
3582.0
30.42336742000731
7.0
3314.0
3422.0
30.43092151800263
9.0
3259.0
3486.0
30.467906406704213
13.0
3273.0
3636.0
30.47570273040859
14.0
2915.0
3057.0
30.47620939172427
8.0
3240.0
3491.0
30.480075471406938
10.0
3265.0
3295.0
30.489114486203313
8.0
2993.0
3291.0
30.510369893026986
6.0
3133.0
3208.0
30.5549871823025
8.0
3098.0
3629.0
30.583653769421264
13.0
2894.0
3511.0
30.585280740913266
12.0
2820.0
3568.0
30.595400293179843
16.0
3394.0
3580.0
30.613771061349077
12.0
3485.0
3497.0
30.631799362071323
11.0
3340.0
3414.0
30.635559467314927
10.0
2937.0
3058.0
30.643992662869906
8.0
3536.0
3546.0
30.660103781484143
14.0
3338.0
3659.0
30.677451579077108
17.0
3317.0
3477.0
30.701049747039722
11.0
3514.0
3614.0
30.740429718628796
17.0
3412.0
3539.0
30.76133128228922
13.0
3368.0
3476.0
30.761882943366267
9.0
3383.0
3653.0
30.793663269854207
16.0
3132.0
3607.0
30.808170641062286
10.0
3005.0
3331.0
30.819018529207394
7.0
3312.0
3423.0
30.82379522165181
9.0
3415.0
3608.0
30.843231543297673
11.0
3304.0
3381.0
30.85094707378909
10.0
3345.0
3455.0
30.866407707696037
10.0
3216.0
3565.0
30.871814443545738
9.0
3459.0
3554.0
30.874119328459997
16.0
3221.0
3231.0
30.876242961553224
7.0
3377.0
3524.0
30.87797151172058
11.0
3339.0
3529.0
30.884653023456096
10.0
3243.0
3474.0
30.888615552553553
10.0
3373.0
3665.0
30.90393636834245
14.0
3346.0
3406.0
30.92398918614395
8.0
3282.0
3592.0
30.95631951362021
10.0
3152.0
3351.0
31.015816500402007
11.0
2794.0
3575.0
31.032453778582127
10.0
3230.0
3617.0
31.046100160643697
8.0
2891.0
3482.0
31.04751070718004
9.0
3052.0
3093.0
31.059211456355715
8.0
3439.0
3481.0
31.0603162341849
10.0
3004.0
3324.0
31.076395241281947
8.0
3252.0
3409.0
31.08528997989204
6.0
3079.0
3616.0
31.155255788383755
12.0
3354.0
3404.0
31.168548758701267
12.0
3445.0
3502.0
31.21339050795588
11.0
3280.0
3496.0
31.221332935727737
9.0
3260.0
3456.0
31.262637218227898
10.0
3365.0
3707.0
31.27309849621764
15.0
2298.0
3663.0
31.27862817427583
10.0
3151.0
3184.0
31.280650903729427
10.0
3242.0
3353.0
31.31030665006012
8.0
3084.0
3577.0
31.321917059421626
10.0
2952.0
3263.0
31.322075706405222
7.0
3205.0
3581.0
31.338512937989744
15.0
3225.0
3480.0
31.35314402960913
14.0
3468.0
3660.0
31.471808736825015
14.0
3410.0
3639.0
31.497308048309158
16.0
3465.0
3587.0
31.49929916356556
15.0
3137.0
3579.0
31.51082119994166
13.0
3457.0
3650.0
31.546628546446165
17.0
3419.0
3710.0
31.572817893315232
15.0
3274.0
3593.0
31.58527157155545
11.0
3349.0
3596.0
31.58917154454244
13.0
3288.0
3532.0
31.59417651911911
11.0
3075.0
3534.0
31.623096723318902
7.0
3446.0
3464.0
31.632289588143188
12.0
2908.0
3556.0
31.662365983715645
10.0
3202.0
3585.0
31.70437479083245
11.0
3461.0
3605.0
31.762810834602075
14.0
3153.0
3519.0
31.82995919730943
10.0
3262.0
3525.0
31.833576883860108
10.0
3391.0
3542.0
31.852925949443634
14.0
3396.0
3515.0
31.88601195097001
15.0
3294.0
3535.0
31.888036261986684
12.0
3523.0
3626.0
31.901200342195374
14.0
3330.0
3518.0
31.921484373290934
11.0
3206.0
3440.0
31.945314664077898
11.0
3257.0
3637.0
31.947371359929182
11.0
3509.0
3622.0
32.00001485349034
13.0
3185.0
3628.0
32.021329913459816
13.0
3576.0
3705.0
32.09685671974932
12.0
2784.0
3530.0
32.106284408204175
9.0
3334.0
3538.0
32.128780424532174
13.0
3506.0
3540.0
32.13531255503965
20.0
3522.0
3612.0
32.1517145977662
12.0
3501.0
3566.0
32.17674219001399
15.0
3234.0
3475.0
32.186381542574296
14.0
3570.0
3624.0
32.196979364268664
14.0
3498.0
3621.0
32.225176764714625
10.0
3586.0
3652.0
32.23697565900272
12.0
3389.0
3686.0
32.25273389812691
16.0
3516.0
3553.0
32.27301072569449
15.0
3411.0
3500.0
32.27682910699743
9.0
3432.0
3646.0
32.281256184241876
10.0
3279.0
3589.0
32.29786326519312
8.0
3370.0
3507.0
32.33099526325642
8.0
3359.0
3644.0
32.358588975444114
14.0
3504.0
3668.0
32.364821876154444
17.0
3453.0
3603.0
32.375283061609245
15.0
3272.0
3620.0
32.44882666635464
10.0
3499.0
3591.0
32.48428521237417
15.0
3395.0
3463.0
32.50632780587145
10.0
3517.0
3541.0
32.53625100405277
18.0
3278.0
3723.0
32.56944935658793
12.0
3583.0
3588.0
32.575942787928305
15.0
3493.0
3561.0
32.67536984127298
10.0
3068.0
3724.0
32.69929762072432
14.0
3115.0
3528.0
32.74536272986587
8.0
3402.0
3526.0
32.75097585319555
11.0
3390.0
3634.0
32.823689737478674
10.0
2968.0
3437.0
32.90557941473221
8.0
3630.0
3745.0
32.912438854091384
19.0
3049.0
3478.0
32.933731513123575
7.0
3254.0
3623.0
32.96385276722737
13.0
3366.0
3521.0
32.99007018705263
9.0
3301.0
3323.0
33.018147201146874
10.0
3298.0
3695.0
33.087605766315896
13.0
3643.0
3655.0
33.22602915958336
15.0
3443.0
3571.0
33.26691294189529
15.0
3594.0
3666.0
33.2700683095868
12.0
3226.0
3719.0
33.32339265131718
12.0
3543.0
3635.0
33.353960181463776
13.0
3547.0
3640.0
33.40042418501959
13.0
3552.0
3711.0
33.43266726563558
16.0
3713.0
3729.0
33.46410458594459
20.0
3077.0
3447.0
33.46625812327197
13.0
3740.0
3742.0
33.4689917225109
20.0
3376.0
3654.0
33.47267152044891
17.0
3564.0
3638.0
33.4734569352646
14.0
3326.0
3606.0
33.48142611271946
11.0
3584.0
3619.0
33.501576138605344
13.0
3183.0
3683.0
33.55147907171031
18.0
3513.0
3574.0
33.556393582181144
14.0
3449.0
3471.0
33.6222424180144
8.0
3555.0
3670.0
33.675800067641354
16.0
3572.0
3678.0
33.73644351311702
16.0
3676.0
3753.0
33.751980103386686
24.0
3599.0
3809.0
33.85796803847673
24.0
3549.0
3697.0
33.881411205577486
16.0
3418.0
3562.0
33.89918780822534
13.0
3569.0
3757.0
33.9067446426825
21.0
3407.0
3715.0
33.91566587126897
15.0
3718.0
3764.0
33.946936557984316
22.0
3590.0
3752.0
33.97284184961798
19.0
3436.0
3544.0
34.032561128330926
15.0
3598.0
3701.0
34.063177536486634
17.0
3689.0
3699.0
34.07269322505269
17.0
2890.0
3648.0
34.078823588594716
13.0
3625.0
3762.0
34.07933897105914
19.0
3573.0
3604.0
34.08356950151592
17.0
3487.0
3772.0
34.13533668909333
16.0
3427.0
3696.0
34.15550933129036
23.0
3444.0
3781.0
34.211165472082364
16.0
3051.0
3649.0
34.30451277985446
13.0
3567.0
3743.0
34.32342273920113
23.0
3680.0
3702.0
34.42614700424757
18.0
3559.0
3794.0
34.55119180289599
19.0
3651.0
3664.0
34.56255374308864
14.0
3490.0
3691.0
34.70330703069497
21.0
3685.0
3741.0
34.71660353228258
27.0
3632.0
3690.0
34.72782434266412
24.0
3144.0
3777.0
34.755248273156454
15.0
2864.0
3661.0
34.76652893445485
16.0
3494.0
3730.0
34.86799687906575
12.0
3560.0
3734.0
34.87664587390585
25.0
3600.0
3727.0
34.87736522225557
17.0
3746.0
3783.0
34.88083995060483
24.0
3706.0
3755.0
34.90906333027369
22.0
3601.0
3674.0
34.92518962356826
13.0
3681.0
3776.0
34.98843542175768
21.0
3682.0
3728.0
35.02897885163335
16.0
3168.0
3765.0
35.05217020160518
20.0
3533.0
3627.0
35.07045504123771
15.0
3790.0
3811.0
35.12632184426289
15.0
3709.0
3819.0
35.314394433564395
29.0
3610.0
3782.0
35.35497984147531
22.0
3641.0
3672.0
35.3847184725812
21.0
3657.0
3785.0
35.412029860288825
15.0
3716.0
3748.0
35.49395659207036
18.0
3458.0
3761.0
35.593736742045564
26.0
3658.0
3767.0
35.66910482290127
20.0
3597.0
3818.0
35.80514889207844
32.0
3633.0
3744.0
35.84513401949511
21.0
3595.0
3852.0
35.8500614425986
36.0
3495.0
3703.0
35.92251591947001
16.0
3520.0
3834.0
36.01528759552615
23.0
3738.0
3805.0
36.067880504430946
32.0
3671.0
3751.0
36.19699768007811
22.0
3714.0
3792.0
36.233869417145385
17.0
3698.0
3735.0
36.31870598514507
22.0
3631.0
3756.0
36.34568841567954
20.0
3725.0
3788.0
36.45577475805019
23.0
3602.0
3692.0
36.467186190206455
17.0
3551.0
3688.0
36.550356034383526
17.0
3739.0
3789.0
36.583641044879094
30.0
3722.0
3803.0
36.62888327174334
24.0
3679.0
3726.0
36.65544593988064
20.0
3717.0
3774.0
36.68029738176105
24.0
3773.0
3786.0
36.70140451732552
19.0
3558.0
3779.0
36.80158186497718
16.0
3537.0
3867.0
36.8481914696582
30.0
3550.0
3673.0
36.94621909609334
20.0
3675.0
3856.0
37.232676851224426
27.0
3609.0
3820.0
37.26513429528112
31.0
3797.0
3840.0
37.42643302991214
28.0
3693.0
3841.0
37.608757570998236
29.0
3687.0
3791.0
37.6094837240854
24.0
3758.0
3865.0
37.744300529193694
34.0
3677.0
3749.0
37.750765934675066
28.0
3712.0
3836.0
37.81912001784875
32.0
3721.0
3810.0
37.834323265772284
26.0
3669.0
3877.0
37.880040090980366
25.0
3732.0
3754.0
38.23254680857024
25.0
3662.0
3799.0
38.27232624728379
19.0
3798.0
3845.0
38.464794031250605
34.0
3667.0
3684.0
38.5509534816418
20.0
3759.0
3770.0
38.56185358430763
18.0
3737.0
3888.0
38.79600704987658
43.0
3769.0
3850.0
38.83244975158988
30.0
3700.0
3708.0
38.844729126848094
21.0
3510.0
3816.0
38.91481513396615
24.0
3824.0
3873.0
39.0142593370978
41.0
3827.0
3857.0
39.0781041542335
43.0
3831.0
3872.0
39.09548213733929
43.0
3784.0
3832.0
39.15763448401061
37.0
3807.0
3825.0
39.17525576834614
24.0
3766.0
3815.0
39.17565029583858
34.0
3618.0
3884.0
39.194700402781365
33.0
3731.0
3822.0
39.20851796652027
30.0
3835.0
3839.0
39.30128699670548
29.0
3780.0
3874.0
39.494983922315456
38.0
3795.0
3828.0
39.51410806748806
31.0
3763.0
3851.0
39.53906647793673
30.0
3736.0
3885.0
39.547281885365415
47.0
3800.0
3804.0
39.88264221780434
33.0
3642.0
3833.0
39.89822471572645
29.0
3750.0
3861.0
39.99352334357505
51.0
3747.0
3863.0
40.07648504438536
33.0
3694.0
3871.0
40.19729397946314
30.0
3814.0
3862.0
40.29269291226829
40.0
3704.0
3806.0
40.3166936094907
30.0
3778.0
3813.0
40.41402906989401
31.0
3793.0
3875.0
40.803258974018064
34.0
3855.0
3894.0
41.06825039483953
33.0
3880.0
3909.0
41.37215570798859
58.0
3733.0
3868.0
41.462561580056985
34.0
3771.0
3846.0
41.48843266590503
23.0
3849.0
3869.0
41.59805962246442
43.0
3645.0
3826.0
41.78338464875573
30.0
3823.0
3907.0
41.86768095805674
46.0
3760.0
3796.0
41.8678565978753
28.0
3844.0
3898.0
42.02326053724486
48.0
3720.0
3891.0
42.04377099051513
31.0
3829.0
3882.0
42.10759444248029
51.0
3817.0
3897.0
42.25616594440743
34.0
3842.0
3913.0
42.31477749567448
54.0
3656.0
3858.0
42.40130202741104
30.0
3854.0
3893.0
42.56067318699562
41.0
3801.0
3847.0
42.625709999226444
37.0
3870.0
3924.0
42.736781751063695
40.0
3787.0
3878.0
42.825282294546156
40.0
3859.0
3860.0
42.84576716620398
53.0
3890.0
3919.0
43.0627180222464
56.0
3843.0
3866.0
43.08804344017908
34.0
3775.0
3881.0
43.23211628326479
48.0
3808.0
3925.0
43.71047014231386
56.0
3900.0
3901.0
43.743605013715914
86.0
3837.0
3896.0
43.77874758180715
57.0
3802.0
3887.0
43.89267264654766
52.0
3848.0
3931.0
44.45227706629968
67.0
3768.0
3914.0
44.703399279043666
67.0
3906.0
3940.0
44.7583745810793
86.0
3853.0
3889.0
44.91454239654065
47.0
3830.0
3838.0
45.34715498470539
40.0
3899.0
3941.0
46.230093656520474
75.0
3905.0
3948.0
46.70770266099173
100.0
3903.0
3912.0
46.77857331457887
57.0
3895.0
3942.0
46.854275495811976
91.0
3883.0
3922.0
47.02518800481561
87.0
3812.0
3886.0
47.48145000666612
44.0
3902.0
3920.0
47.52414882617963
71.0
3910.0
3928.0
47.52787767250354
58.0
3879.0
3918.0
47.748334390186
50.0
3911.0
3959.0
48.40965740567318
105.0
3916.0
3960.0
48.46036349090411
80.0
3892.0
3915.0
48.67557954826356
67.0
3864.0
3934.0
49.21812903127333
62.0
3926.0
3957.0
49.56429330454044
74.0
3904.0
3908.0
50.066888913983604
72.0
3876.0
3929.0
50.158459819781456
67.0
3933.0
3946.0
50.701714075499225
106.0
3821.0
3937.0
50.931156289584095
59.0
3939.0
3950.0
50.963780712021304
100.0
3936.0
3952.0
51.06185232399329
112.0
3917.0
3930.0
51.73611203339309
71.0
3951.0
3958.0
52.011094783955386
111.0
3935.0
3972.0
53.91572452177334
112.0
3938.0
3954.0
54.23430372545011
97.0
3927.0
3967.0
54.886686059824235
113.0
3944.0
3947.0
55.0140588029684
153.0
3923.0
3963.0
55.85314246279691
101.0
3921.0
3974.0
56.708554212188965
145.0
3943.0
3969.0
58.194423994363845
115.0
3932.0
3965.0
58.360479183208604
108.0
3949.0
3953.0
58.4368931011602
186.0
3955.0
3975.0
59.82954068871121
188.0
3956.0
3976.0
61.19507312019489
200.0
3945.0
3966.0
61.28960237574707
129.0
3962.0
3964.0
62.205362955161974
142.0
3971.0
3978.0
65.0728925921845
213.0
3979.0
3986.0
66.6782675798734
287.0
3970.0
3985.0
66.70541538940785
229.0
3981.0
3988.0
72.09383723541245
395.0
3973.0
3983.0
74.29335856170134
299.0
3982.0
3989.0
76.9439319953003
415.0
3961.0
3987.0
77.21754627825815
318.0
3977.0
3984.0
81.48315449545152
353.0
3968.0
3980.0
83.03117412476259
221.0
3993.0
3995.0
87.17216108215304
539.0
3992.0
3994.0
96.51319767793069
768.0
3991.0
3997.0
113.01734098731758
1067.0
3996.0
3998.0
116.28752631635496
1606.0
3990.0
3999.0
119.66573562758691
2001.0
