1324.0
1903.0
18.95707542683828
2.0
491.0
1973.0
19.03534227269026
2.0
1287.0
1711.0
19.211516357092002
2.0
1255.0
1679.0
19.302283227554348
2.0
7.0
1546.0
19.327242493116877
2.0
953.0
1675.0
19.34390198084155
2.0
1889.0
1909.0
19.44042416820281
2.0
191.0
1617.0
19.49026794242275
2.0
337.0
734.0
19.58953689657309
2.0
858.0
1877.0
19.634126028365664
2.0
696.0
784.0
19.63909584243723
2.0
966.0
1682.0
19.642360664477312
2.0
878.0
924.0
19.644499105387474
2.0
990.0
1543.0
19.648675344193848
2.0
661.0
1602.0
19.688325242019054
2.0
682.0
880.0
19.68934122793804
2.0
506.0
753.0
19.730633295477954
2.0
731.0
1695.0
19.808232598642533
2.0
555.0
1468.0
19.827208048164255
2.0
527.0
948.0
19.82954873141719
2.0
498.0
852.0
19.870607941363552
2.0
269.0
1798.0
19.876018541810133
2.0
905.0
1108.0
19.889255967955155
2.0
876.0
1039.0
19.909665586411332
2.0
313.0
585.0
19.935605671911123
2.0
270.0
1934.0
19.936045111169125
2.0
326.0
431.0
19.999173450156288
2.0
1082.0
1628.0
20.031929770390295
2.0
353.0
745.0
20.05395192874623
2.0
1802.0
1887.0
20.058324341147106
2.0
47.0
1356.0
20.076329952840766
2.0
1002.0
1629.0
20.097435268132546
2.0
138.0
1987.0
20.11139095080099
2.0
1293.0
1310.0
20.126474608735677
2.0
233.0
1444.0
20.13666617217902
2.0
992.0
1097.0
20.14925672916763
2.0
177.0
1960.0
20.15399656738533
2.0
49.0
1511.0
20.159547080323065
2.0
1224.0
1417.0
20.166572687099276
2.0
721.0
749.0
20.198808617812777
2.0
34.0
927.0
20.20532807982122
2.0
169.0
1111.0
20.22307494861492
2.0
78.0
1124.0
20.226851852540396
2.0
260.0
1968.0
20.228855234315603
2.0
72.0
609.0
20.25717907205912
2.0
700.0
1409.0
20.278106065607574
2.0
380.0
621.0
20.286039664984923
2.0
133.0
223.0
20.29134761263569
2.0
559.0
857.0
20.3042954444384
2.0
14.0
38.0
20.30814806352988
2.0
148.0
1561.0
20.309965489111274
2.0
44.0
234.0
20.32004045789052
2.0
582.0
1726.0
20.321156581764065
2.0
799.0
1799.0
20.32971643462152
2.0
1200.0
2026.0
20.332597973619006
3.0
446.0
748.0
20.332629030573145
2.0
418.0
1521.0
20.341875717966165
2.0
475.0
1116.0
20.34722690216953
2.0
642.0
673.0
20.36052772807232
2.0
378.0
1503.0
20.36341452411244
2.0
375.0
1773.0
20.382476939751115
2.0
564.0
1136.0
20.38567792118715
2.0
1494.0
1912.0
20.389275227206053
2.0
607.0
1884.0
20.401958713889048
2.0
1795.0
1898.0
20.404487574416752
2.0
532.0
752.0
20.409842477081266
2.0
1658.0
1745.0
20.414145706699944
2.0
292.0
1590.0
20.41678241472942
2.0
70.0
1907.0
20.42087930676036
2.0
1640.0
1980.0
20.43297589577481
2.0
740.0
1878.0
20.441897561641277
2.0
186.0
1146.0
20.448729030702747
2.0
17.0
1290.0
20.457908799129715
2.0
743.0
1282.0
20.462140808707378
2.0
1072.0
1379.0
20.4642636497044
2.0
291.0
385.0
20.48978427185794
2.0
998.0
1476.0
20.50282160241911
2.0
787.0
1944.0
20.506292077978923
2.0
358.0
978.0
20.51401295503954
2.0
1054.0
1928.0
20.52080302287415
2.0
835.0
1777.0
20.52219182375426
2.0
1532.0
1867.0
20.530421982948763
2.0
394.0
1169.0
20.53809299271581
2.0
804.0
1392.0
20.54892138481487
2.0
843.0
1159.0
20.556388056355125
2.0
67.0
1555.0
20.57423273945621
2.0
958.0
1264.0
20.583927042017475
2.0
601.0
1974.0
20.591022237277993
2.0
1217.0
1274.0
20.600952181829317
2.0
462.0
1952.0
20.612236771375063
2.0
1680.0
1926.0
20.615469344087312
2.0
1273.0
1638.0
20.619166081979802
2.0
715.0
1160.0
20.630360699413263
2.0
626.0
1189.0
20.635635835969943
2.0
109.0
332.0
20.64310391682237
2.0
414.0
1705.0
20.649763745555955
2.0
736.0
1299.0
20.664266836085208
2.0
23.0
420.0
20.669603602973655
2.0
391.0
989.0
20.672708835146707
2.0
43.0
1236.0
20.675431668026697
2.0
324.0
1698.0
20.69024894638057
2.0
277.0
1382.0
20.694129719948847
2.0
2.0
536.0
20.697273430620257
2.0
1246.0
1627.0
20.700666686028647
2.0
162.0
1485.0
20.716531767948027
2.0
754.0
1787.0
20.72085248661284
2.0
591.0
1440.0
20.72174171162896
2.0
364.0
1939.0
20.726132092347434
2.0
297.0
470.0
20.732719101186955
2.0
113.0
1489.0
20.734605867127364
2.0
427.0
810.0
20.74052366437556
2.0
877.0
934.0
20.749806021489434
2.0
236.0
245.0
20.754371462885533
2.0
1598.0
1808.0
20.755246641510304
2.0
87.0
1036.0
20.759008460960587
2.0
274.0
1672.0
20.768144565885986
2.0
1430.0
2046.0
20.772637027932387
3.0
201.0
1425.0
20.77620347094999
2.0
519.0
786.0
20.776275385163952
2.0
738.0
1622.0
20.784709969888187
2.0
1496.0
1739.0
20.788264049774064
2.0
620.0
1954.0
20.80207393472986
2.0
261.0
1789.0
20.8160347592232
2.0
267.0
1276.0
20.821480250028696
2.0
244.0
896.0
20.82487926103951
2.0
86.0
796.0
20.833879951249028
2.0
658.0
1047.0
20.837960816326486
2.0
239.0
1192.0
20.84656925930732
2.0
197.0
1418.0
20.851537438018735
2.0
195.0
723.0
20.855453301303932
2.0
300.0
720.0
20.85862442768955
2.0
722.0
959.0
20.86414622912617
2.0
837.0
1975.0
20.872188576773
2.0
487.0
1480.0
20.87332210644296
2.0
1142.0
1331.0
20.87803387314599
2.0
281.0
1693.0
20.888402058292286
2.0
1291.0
1812.0
20.888516140119645
2.0
710.0
1717.0
20.888708431957472
2.0
676.0
1336.0
20.88932548594051
2.0
251.0
349.0
20.88990674901669
2.0
217.0
984.0
20.891485802495467
2.0
127.0
580.0
20.895081457172815
2.0
226.0
357.0
20.904701291085342
2.0
365.0
967.0
20.906811524858973
2.0
413.0
1281.0
20.907139412052135
2.0
757.0
1272.0
20.913369019321536
2.0
509.0
911.0
20.919344202862483
2.0
2016.0
2069.0
20.919462085348066
4.0
442.0
1977.0
20.927391470909658
2.0
379.0
808.0
20.929993495991216
2.0
1090.0
1168.0
20.93246779063713
2.0
1434.0
1708.0
20.938672493363804
2.0
225.0
2054.0
20.93971005418656
3.0
828.0
1971.0
20.941701155083177
2.0
55.0
1132.0
20.947049445377477
2.0
345.0
1093.0
20.948478311628964
2.0
208.0
1030.0
20.950076873215103
2.0
1198.0
1956.0
20.957197797518035
2.0
99.0
1292.0
20.965118116351242
2.0
774.0
1720.0
20.97889800339769
2.0
693.0
1967.0
20.98361018804106
2.0
492.0
547.0
20.989762088268925
2.0
1396.0
1527.0
20.991125487693388
2.0
222.0
910.0
21.004469013527395
2.0
712.0
1258.0
21.005263799952765
2.0
1605.0
1794.0
21.02300497114848
2.0
1006.0
1644.0
21.028883662933612
2.0
1221.0
1762.0
21.03141687838228
2.0
114.0
873.0
21.037481145075123
2.0
1262.0
1858.0
21.046693709986506
2.0
908.0
1905.0
21.048397993800883
2.0
595.0
1615.0
21.049692639853657
2.0
340.0
1653.0
21.0530379009123
2.0
664.0
1058.0
21.056270704066108
2.0
645.0
1460.0
21.060326702317713
2.0
654.0
1677.0
21.06678916768824
2.0
450.0
1346.0
21.066906295575944
2.0
813.0
1114.0
21.067435330927204
2.0
128.0
1432.0
21.070041654791105
2.0
1566.0
1978.0
21.07084129710807
2.0
1026.0
1710.0
21.071914128680444
2.0
504.0
1706.0
21.07810770213854
2.0
972.0
1469.0
21.078858836055524
2.0
129.0
1185.0
21.08043933078166
2.0
1449.0
1567.0
21.081905792744
2.0
329.0
789.0
21.08296085569374
2.0
1184.0
1678.0
21.08667448265501
2.0
77.0
1215.0
21.098094299715658
2.0
1564.0
1599.0
21.099089539212965
2.0
1188.0
1359.0
21.10087145389449
2.0
363.0
1391.0
21.104046214679613
2.0
874.0
1007.0
21.107454197469238
2.0
863.0
1512.0
21.113211330404145
2.0
115.0
1259.0
21.116815794957372
2.0
395.0
1206.0
21.119914881474383
2.0
322.0
1637.0
21.132098357696275
2.0
447.0
1817.0
21.142419392490257
2.0
578.0
1214.0
21.142688242757018
2.0
629.0
1562.0
21.146421933652643
2.0
250.0
321.0
21.159939275376143
2.0
1376.0
1768.0
21.172989167217402
2.0
939.0
1581.0
21.186306094769694
2.0
1238.0
1487.0
21.19151279562508
2.0
1321.0
1676.0
21.19218742397165
2.0
387.0
1484.0
21.19767913691456
2.0
111.0
308.0
21.198918445711872
2.0
856.0
1075.0
21.204527822127567
2.0
611.0
1964.0
21.205195547990463
2.0
653.0
1758.0
21.20522361741959
2.0
32.0
1045.0
21.206870572928228
2.0
970.0
2015.0
21.20688542278418
3.0
781.0
1838.0
21.223787175966567
2.0
706.0
926.0
21.23110132014758
2.0
253.0
762.0
21.23837491232731
2.0
1641.0
1908.0
21.240443172876066
2.0
173.0
1958.0
21.243257509602195
2.0
171.0
844.0
21.243856550137373
2.0
120.0
747.0
21.243977072233747
2.0
231.0
467.0
21.2444199294315
2.0
1010.0
1701.0
21.244962538592763
2.0
1001.0
1864.0
21.24529717184287
2.0
346.0
631.0
21.253456526641624
2.0
534.0
1892.0
21.25623928367636
2.0
556.0
1876.0
21.25685042598359
2.0
622.0
1153.0
21.25790568393008
2.0
50.0
1732.0
21.262723650003895
2.0
718.0
1050.0
21.263313739725252
2.0
370.0
1839.0
21.265514153320662
2.0
572.0
758.0
21.268376515205784
2.0
1373.0
1984.0
21.270869892176332
2.0
1138.0
1674.0
21.271697713380256
2.0
294.0
1338.0
21.2763324582522
2.0
1455.0
1824.0
21.28615210679255
2.0
1390.0
1888.0
21.286890668791514
2.0
330.0
1998.0
21.287333045877745
2.0
295.0
1663.0
21.288881056675166
2.0
1504.0
1631.0
21.289016913953702
2.0
482.0
980.0
21.291998473205553
2.0
1086.0
1976.0
21.29212357438554
2.0
671.0
702.0
21.295861693512244
2.0
1003.0
1137.0
21.30437948758511
2.0
1183.0
1467.0
21.312390467828006
2.0
1265.0
1616.0
21.31957099242355
2.0
404.0
981.0
21.320377146859514
2.0
1269.0
1941.0
21.32620738669283
2.0
1778.0
1990.0
21.326748476362305
2.0
15.0
1856.0
21.327015608014243
2.0
3.0
1592.0
21.332138603916693
2.0
755.0
1450.0
21.33717874700813
2.0
440.0
1714.0
21.33727126051196
2.0
30.0
1051.0
21.338252129786778
2.0
811.0
1140.0
21.349526357908502
2.0
366.0
1668.0
21.352590790867016
2.0
1129.0
1458.0
21.36375659591443
2.0
1279.0
1850.0
21.36577407445601
2.0
64.0
339.0
21.370405678952174
2.0
1175.0
1935.0
21.372057929880732
2.0
419.0
1383.0
21.37260503919386
2.0
1610.0
1651.0
21.381955946512615
2.0
704.0
1403.0
21.382330232025907
2.0
1505.0
1946.0
21.38808109372366
2.0
271.0
1334.0
21.393612357837018
2.0
1085.0
1493.0
21.394075350570283
2.0
227.0
319.0
21.39835376574779
2.0
1499.0
1919.0
21.401898072192505
2.0
1723.0
1832.0
21.402243718197266
2.0
134.0
406.0
21.40992994778653
2.0
833.0
1816.0
21.425420860845737
2.0
648.0
795.0
21.428382017194522
2.0
282.0
1023.0
21.43563237783862
2.0
587.0
1646.0
21.44031816306342
2.0
1625.0
1727.0
21.442152057007497
2.0
401.0
627.0
21.44428673669573
2.0
139.0
334.0
21.445289412343076
2.0
665.0
777.0
21.446675289819982
2.0
1585.0
1835.0
21.454870256526874
2.0
973.0
1647.0
21.456544095421883
2.0
1245.0
1922.0
21.458173262839562
2.0
1683.0
2115.0
21.459543324502885
3.0
376.0
962.0
21.460586320834647
2.0
1419.0
2163.0
21.462103668253224
3.0
1384.0
1861.0
21.46370303857513
2.0
181.0
1008.0
21.466791089304845
2.0
635.0
779.0
21.470488532456102
2.0
670.0
1170.0
21.47151616802135
2.0
432.0
841.0
21.480251334731587
2.0
650.0
1937.0
21.50231480782672
2.0
957.0
1699.0
21.502600438178558
2.0
539.0
1309.0
21.502952936224197
2.0
1266.0
1549.0
21.504747503997397
2.0
1709.0
1797.0
21.506364544099462
2.0
698.0
1716.0
21.517762930401545
2.0
1278.0
2168.0
21.517826387210345
3.0
10.0
1481.0
21.521871935115044
2.0
881.0
1972.0
21.522532763440466
2.0
408.0
1541.0
21.523567692809177
2.0
1386.0
1842.0
21.531139935303802
2.0
791.0
792.0
21.531788709412613
2.0
327.0
1470.0
21.535072965627208
2.0
615.0
1721.0
21.53546805427243
2.0
933.0
1407.0
21.536016022378018
2.0
641.0
1833.0
21.538750893238365
2.0
1600.0
2160.0
21.540762123657604
3.0
258.0
1702.0
21.545016282384598
2.0
13.0
121.0
21.54563655361209
2.0
524.0
1091.0
21.546265864224285
2.0
1081.0
1362.0
21.549645059618086
2.0
309.0
1577.0
21.550713560112843
2.0
445.0
1462.0
21.551099039689742
2.0
66.0
1913.0
21.557192557817423
2.0
1351.0
2067.0
21.560052911102563
3.0
151.0
1498.0
21.56084995820554
2.0
1781.0
1896.0
21.563972047259988
2.0
865.0
1740.0
21.56721231644667
2.0
51.0
1329.0
21.567567924321953
2.0
286.0
1923.0
21.57028694549308
2.0
632.0
1883.0
21.571067991505785
2.0
1057.0
1791.0
21.571593426850423
2.0
1060.0
1576.0
21.580966927154062
2.0
1962.0
2098.0
21.583652657672296
3.0
558.0
1940.0
21.587862615073703
2.0
147.0
1099.0
21.59017271369616
2.0
1553.0
1636.0
21.596379879497444
2.0
644.0
903.0
21.596647507237982
2.0
772.0
1669.0
21.598724317775435
2.0
768.0
1147.0
21.60197226191116
2.0
1686.0
1771.0
21.60425694626703
2.0
110.0
1840.0
21.606881139948335
2.0
714.0
1013.0
21.608171288380486
2.0
1735.0
1951.0
21.61046166061176
2.0
132.0
1662.0
21.613365750727265
2.0
466.0
1117.0
21.626969763987468
2.0
108.0
913.0
21.634998611698887
2.0
159.0
1165.0
21.645421075530415
2.0
240.0
1088.0
21.647829287322065
2.0
887.0
1261.0
21.65003278648838
2.0
1163.0
1780.0
21.65426892262719
2.0
965.0
1402.0
21.661215321958043
2.0
1126.0
1312.0
21.66866886289355
2.0
436.0
1571.0
21.670134855466074
2.0
599.0
1295.0
21.677474374749593
2.0
1366.0
1560.0
21.678196868057192
2.0
1253.0
1257.0
21.683426931370107
2.0
820.0
902.0
21.683584562759595
2.0
1538.0
1994.0
21.686282736900584
2.0
91.0
922.0
21.68846199078924
2.0
8.0
551.0
21.69090550408479
2.0
263.0
613.0
21.69445321743851
2.0
619.0
1712.0
21.706458492250864
2.0
416.0
901.0
21.709846099412754
2.0
428.0
1506.0
21.711855933125143
2.0
1601.0
2149.0
21.71294485810107
3.0
689.0
991.0
21.71632767257875
2.0
1421.0
1547.0
21.722428630881286
2.0
403.0
869.0
21.724038174560494
2.0
373.0
1519.0
21.727179888487008
2.0
1035.0
1857.0
21.731457971025616
2.0
174.0
1916.0
21.736617707189176
2.0
892.0
1690.0
21.742069126146056
2.0
794.0
971.0
21.745609735680567
2.0
5.0
1738.0
21.749383039427393
2.0
1092.0
2060.0
21.753114918151226
3.0
746.0
1788.0
21.75662525755458
2.0
1565.0
1655.0
21.757084067017555
2.0
488.0
1144.0
21.758259490464766
2.0
88.0
1133.0
21.763841402607273
2.0
284.0
2012.0
21.764595476913897
3.0
11.0
854.0
21.7664800080068
2.0
158.0
1478.0
21.766697738895576
2.0
525.0
1673.0
21.773527924498772
2.0
1213.0
1517.0
21.777232117023694
2.0
505.0
1539.0
21.781518823872418
2.0
711.0
2141.0
21.782322158587554
3.0
909.0
931.0
21.783801443152914
2.0
254.0
1667.0
21.788304414167776
2.0
1492.0
1865.0
21.790668996652062
2.0
600.0
1681.0
21.79287895355684
2.0
469.0
1664.0
21.797262770400394
2.0
581.0
1242.0
21.799186441329415
2.0
574.0
1604.0
21.799907550316533
2.0
1063.0
1890.0
21.805823641688338
2.0
255.0
912.0
21.806193271069876
2.0
204.0
1098.0
21.817288305828832
2.0
918.0
1522.0
21.817396082839807
2.0
40.0
1156.0
21.81742630588673
2.0
477.0
606.0
21.82077501144141
2.0
95.0
782.0
21.82262009511187
2.0
1148.0
1374.0
21.824516479990532
2.0
248.0
936.0
21.825713232343386
2.0
870.0
1368.0
21.826994690317257
2.0
39.0
1767.0
21.827239838919645
2.0
1223.0
1389.0
21.83089063261882
2.0
105.0
389.0
21.832495866248244
2.0
1195.0
1612.0
21.833735481059005
2.0
1860.0
2147.0
21.835121934621757
3.0
1345.0
2128.0
21.838202187116917
3.0
106.0
541.0
21.840453101320367
2.0
895.0
1578.0
21.846002489857987
2.0
314.0
341.0
21.847626329825115
2.0
872.0
1556.0
21.851381941499323
2.0
1830.0
2120.0
21.852152194836975
3.0
1580.0
1931.0
21.8528127151242
2.0
1020.0
1475.0
21.85877862401185
2.0
560.0
1130.0
21.86192942304042
2.0
421.0
1021.0
21.863043255891938
2.0
164.0
919.0
21.863644502426677
2.0
920.0
1004.0
21.865474618329092
2.0
557.0
1904.0
21.868986888258213
2.0
516.0
2122.0
21.87045956069979
3.0
1042.0
2161.0
21.874226014047363
3.0
1311.0
1523.0
21.885396563693256
2.0
494.0
1685.0
21.88818878127563
2.0
122.0
1537.0
21.888395149509115
2.0
241.0
2125.0
21.895602125581064
3.0
130.0
1193.0
21.897706325013953
2.0
141.0
1283.0
21.899256825628225
2.0
608.0
1119.0
21.900098884255478
2.0
2053.0
2131.0
21.901631707437947
4.0
861.0
1728.0
21.90405058472211
2.0
542.0
1123.0
21.907194654599955
2.0
398.0
1749.0
21.91267879634014
2.0
1862.0
2071.0
21.91471920459687
3.0
1139.0
1441.0
21.91820011472656
2.0
1804.0
1985.0
21.919054788871048
2.0
836.0
1094.0
21.925473212314955
2.0
1053.0
1230.0
21.92678899405729
2.0
1061.0
1724.0
21.948398315949287
2.0
1070.0
1369.0
21.948457048747454
2.0
763.0
1361.0
21.950255722923345
2.0
202.0
974.0
21.95330753267414
2.0
453.0
1609.0
21.955586962124734
2.0
930.0
1584.0
21.956268639382603
2.0
968.0
1358.0
21.95718088329048
2.0
458.0
1174.0
21.960302178380655
2.0
59.0
368.0
21.96558671846428
2.0
2037.0
2102.0
21.967706780626983
4.0
825.0
1305.0
21.968531335348985
2.0
1380.0
1591.0
21.977657461027537
2.0
1121.0
1340.0
21.97883569216243
2.0
1486.0
2080.0
21.982308302695525
3.0
377.0
1032.0
21.98522607416066
2.0
471.0
705.0
21.992918909709946
2.0
54.0
2247.0
21.993340628565868
3.0
649.0
2092.0
21.99854406173312
3.0
2064.0
2251.0
22.001334550440788
4.0
1306.0
2041.0
22.001530453346774
3.0
342.0
2335.0
22.00626518750058
3.0
686.0
1526.0
22.00783506444163
2.0
1545.0
1597.0
22.011407216574323
2.0
18.0
1011.0
22.0149002719372
2.0
311.0
535.0
22.016148778493346
2.0
1936.0
2170.0
22.016618395191472
3.0
826.0
1437.0
22.020465198821338
2.0
668.0
942.0
22.029378692952896
2.0
604.0
1920.0
22.030193722788297
2.0
741.0
1397.0
22.03574904002728
2.0
531.0
1131.0
22.040115745358463
2.0
1128.0
1145.0
22.04169233291239
2.0
638.0
1965.0
22.042590789925608
2.0
545.0
550.0
22.05615905039262
2.0
690.0
915.0
22.05724602544948
2.0
515.0
1594.0
22.05994147795162
2.0
163.0
1110.0
22.062795099891755
2.0
1550.0
1572.0
22.063704979918167
2.0
949.0
1997.0
22.071875856038968
2.0
6.0
2002.0
22.07222283522402
3.0
232.0
1347.0
22.07279603923473
2.0
610.0
663.0
22.073336044024078
2.0
1443.0
1573.0
22.073384680824866
2.0
1648.0
1836.0
22.08299775233165
2.0
89.0
328.0
22.084650728762956
2.0
549.0
2154.0
22.084780367682082
3.0
845.0
940.0
22.085106908412207
2.0
1516.0
1801.0
22.088395100112745
2.0
636.0
1263.0
22.0895089384447
2.0
20.0
2242.0
22.091702438808817
3.0
320.0
882.0
22.093584728033896
2.0
2101.0
2284.0
22.09531594540589
4.0
1665.0
1854.0
22.099136283534055
2.0
884.0
999.0
22.103831520509388
2.0
461.0
2001.0
22.105058261080387
3.0
242.0
2237.0
22.105271746917524
3.0
1178.0
1623.0
22.105904276004473
2.0
296.0
1949.0
22.106361017302138
2.0
699.0
1307.0
22.109104519862292
2.0
674.0
2214.0
22.12160802456278
3.0
481.0
1863.0
22.123251700569735
2.0
221.0
739.0
22.125111843858644
2.0
399.0
1152.0
22.12647341013186
2.0
773.0
1073.0
22.127415108415082
2.0
307.0
917.0
22.130705144063313
2.0
1107.0
2042.0
22.13502874803124
3.0
783.0
907.0
22.13626798230569
2.0
454.0
1113.0
22.13729152604651
2.0
598.0
1596.0
22.13962192533282
2.0
448.0
616.0
22.140399246215317
2.0
33.0
732.0
22.143482572630923
2.0
1748.0
2300.0
22.145830840395565
3.0
60.0
252.0
22.151074331037474
2.0
1352.0
1684.0
22.153488249136075
2.0
1294.0
1574.0
22.15361582893082
2.0
426.0
1201.0
22.160107270724666
2.0
952.0
1868.0
22.162047798392756
2.0
1104.0
1666.0
22.16689854573763
2.0
48.0
1634.0
22.169879736446635
2.0
354.0
681.0
22.1699007830933
2.0
273.0
1364.0
22.170265780817243
2.0
1500.0
1568.0
22.172828910835825
2.0
1586.0
2200.0
22.174694828558067
3.0
433.0
819.0
22.181991072068065
2.0
667.0
1420.0
22.182099747022033
2.0
193.0
577.0
22.184485811095502
2.0
1406.0
1753.0
22.18999594398951
2.0
1531.0
1534.0
22.203090531603337
2.0
496.0
2481.0
22.204930432938813
4.0
0.0
1464.0
22.20546344110998
2.0
976.0
1661.0
22.20963226087707
2.0
1769.0
1813.0
22.211589223194757
2.0
65.0
1670.0
22.211861282929267
2.0
318.0
1303.0
22.21325730686034
2.0
1243.0
1301.0
22.21511157648011
2.0
544.0
1501.0
22.21683285568928
2.0
272.0
1843.0
22.220781189847592
2.0
538.0
1187.0
22.223492144116232
2.0
264.0
1277.0
22.224634049143944
2.0
90.0
101.0
22.229419793776533
2.0
149.0
2038.0
22.231012886154698
3.0
1482.0
1818.0
22.23390682332311
2.0
21.0
1190.0
22.2340241784499
2.0
266.0
1671.0
22.235468306900945
2.0
2009.0
2323.0
22.242422374179114
4.0
1077.0
2291.0
22.24647912824794
3.0
84.0
1158.0
22.252231131746697
2.0
96.0
1017.0
22.253591929684838
2.0
562.0
744.0
22.25532499970038
2.0
656.0
1533.0
22.261968885459513
2.0
1554.0
1822.0
22.264447746495964
2.0
489.0
583.0
22.265100776659654
2.0
982.0
1337.0
22.268040736324803
2.0
1540.0
2283.0
22.268227578592775
3.0
1502.0
2194.0
22.2813094867308
3.0
1237.0
1845.0
22.281910593566103
2.0
476.0
1645.0
22.28360426225463
2.0
669.0
891.0
22.286368966507354
2.0
435.0
1649.0
22.291127729973994
2.0
200.0
1251.0
22.291164107985225
2.0
1660.0
1810.0
22.29566463350892
2.0
1413.0
1551.0
22.307241753422876
2.0
289.0
692.0
22.307920713057477
2.0
402.0
1166.0
22.31049612415835
2.0
1216.0
2292.0
22.3142162315109
3.0
112.0
203.0
22.31454696686743
2.0
262.0
501.0
22.31495220167329
2.0
1071.0
2036.0
22.31546352143926
3.0
400.0
1751.0
22.31730028824674
2.0
993.0
1525.0
22.320577458082234
2.0
367.0
831.0
22.324975790197673
2.0
1448.0
2180.0
22.32689767374156
3.0
975.0
1793.0
22.3279739816923
2.0
479.0
862.0
22.33239343312631
2.0
97.0
964.0
22.33722602873485
2.0
1222.0
2352.0
22.338030589958283
4.0
9.0
1210.0
22.338827575301096
2.0
885.0
1536.0
22.340656506838396
2.0
213.0
2070.0
22.342982696676312
3.0
1587.0
2382.0
22.34688244184064
3.0
987.0
1871.0
22.350414079691028
2.0
1149.0
1796.0
22.35827490204726
2.0
570.0
1697.0
22.36206730148333
2.0
94.0
899.0
22.366087286250938
2.0
26.0
563.0
22.368825910609665
2.0
1220.0
1746.0
22.371618946977637
2.0
1895.0
1966.0
22.373580727154124
2.0
1270.0
1341.0
22.373867132965326
2.0
493.0
1764.0
22.375202705302996
2.0
851.0
875.0
22.376971813351133
2.0
923.0
1328.0
22.388408518642517
2.0
929.0
1879.0
22.39318883941273
2.0
1177.0
1619.0
22.394400686622518
2.0
74.0
1268.0
22.39541361419751
2.0
593.0
1289.0
22.396992019089446
2.0
1115.0
2033.0
22.402607069655947
3.0
333.0
1353.0
22.403021056580545
2.0
257.0
348.0
22.404812816725883
2.0
36.0
1029.0
22.404987302201473
2.0
265.0
1387.0
22.406248903361174
2.0
634.0
1335.0
22.40693257349582
2.0
1068.0
1588.0
22.40711383550721
2.0
1118.0
2172.0
22.411538693863598
3.0
93.0
1733.0
22.41178449008596
2.0
906.0
1235.0
22.413748023275232
2.0
637.0
683.0
22.415155315378712
2.0
480.0
1820.0
22.419194276114894
2.0
371.0
688.0
22.423591608602937
2.0
119.0
1199.0
22.436322305280317
2.0
352.0
890.0
22.43808036754718
2.0
2061.0
2113.0
22.43831911687968
4.0
834.0
1947.0
22.440192771455184
2.0
548.0
979.0
22.447530810274056
2.0
2005.0
2091.0
22.447540874544604
4.0
1426.0
2049.0
22.449152183117256
3.0
369.0
630.0
22.452885811355515
2.0
58.0
1064.0
22.45663598262497
2.0
386.0
1606.0
22.458994600347594
2.0
2024.0
2472.0
22.46158149665582
5.0
155.0
1929.0
22.464076178116514
2.0
1803.0
1880.0
22.468234032206087
2.0
383.0
1756.0
22.470455021491308
2.0
2030.0
2084.0
22.476899141101107
4.0
305.0
2145.0
22.488219436917138
3.0
1424.0
1583.0
22.491754242009055
2.0
832.0
1689.0
22.492316716158612
2.0
228.0
1859.0
22.49289786105141
2.0
651.0
817.0
22.49685543462924
2.0
12.0
617.0
22.496967168431997
2.0
210.0
889.0
22.498165838135584
2.0
503.0
1837.0
22.498695845598807
2.0
703.0
1009.0
22.504028711638266
2.0
80.0
780.0
22.511208834338177
2.0
451.0
2072.0
22.51442578562546
3.0
1076.0
1125.0
22.517168786855216
2.0
1103.0
1513.0
22.518390795861738
2.0
1046.0
1575.0
22.518405716075616
2.0
1875.0
1897.0
22.518519805435634
2.0
894.0
1872.0
22.52179530346969
2.0
760.0
1821.0
22.521983051700662
2.0
279.0
1313.0
22.527592037758364
2.0
797.0
1197.0
22.5280947980981
2.0
2144.0
2162.0
22.52892781780694
4.0
921.0
1267.0
22.532401757888707
2.0
218.0
2208.0
22.539264031063613
3.0
63.0
92.0
22.539310025177876
2.0
1611.0
2343.0
22.53960162735637
3.0
1176.0
1327.0
22.540148384238552
2.0
697.0
767.0
22.546531274376093
2.0
985.0
1593.0
22.558212132799213
2.0
156.0
1472.0
22.558298612615566
2.0
31.0
1203.0
22.571800810188595
2.0
785.0
1182.0
22.578692223240783
2.0
167.0
1755.0
22.582420647654228
2.0
57.0
478.0
22.583979221782844
2.0
390.0
815.0
22.584093430896733
2.0
423.0
1228.0
22.586065303555596
2.0
1741.0
1918.0
22.586425399830848
2.0
1089.0
2312.0
22.588460889873748
3.0
2096.0
2282.0
22.59286735047788
4.0
528.0
1815.0
22.594595422226703
2.0
351.0
956.0
22.596236469041372
2.0
124.0
1015.0
22.599837485302242
2.0
207.0
1882.0
22.601997151505927
2.0
136.0
1899.0
22.60634837601888
2.0
640.0
1344.0
22.607672316729207
2.0
1642.0
2276.0
22.61448600250655
3.0
1100.0
2174.0
22.614637633194068
3.0
1823.0
1829.0
22.615086793085972
2.0
452.0
1776.0
22.620549671294096
2.0
1652.0
2191.0
22.62195187409277
3.0
396.0
809.0
22.623383928617095
2.0
157.0
2229.0
22.623927239344745
3.0
153.0
961.0
22.644839934380563
2.0
1172.0
1719.0
22.64541860318692
2.0
719.0
2326.0
22.645460774952383
3.0
579.0
1372.0
22.645591549407225
2.0
1025.0
1552.0
22.646967160792425
2.0
206.0
1834.0
22.65391593563405
2.0
280.0
1983.0
22.66453551165396
2.0
125.0
1317.0
22.66715265357184
2.0
344.0
2004.0
22.67306011311227
3.0
1342.0
2119.0
22.673134504125922
3.0
146.0
1853.0
22.685905031865534
2.0
938.0
1325.0
22.687677227767086
2.0
567.0
2243.0
22.688977313190932
3.0
530.0
1491.0
22.692857406598225
2.0
444.0
1204.0
22.693877817357997
2.0
1339.0
1986.0
22.69693227323178
2.0
224.0
301.0
22.697763237038814
2.0
1084.0
1542.0
22.699703531883685
2.0
100.0
798.0
22.70626099763183
2.0
879.0
1826.0
22.707957698154804
2.0
886.0
1827.0
22.709995379164415
2.0
1171.0
2121.0
22.711563792768363
3.0
179.0
499.0
22.712354850257906
2.0
628.0
2107.0
22.71919505157267
3.0
315.0
1530.0
22.729985841611853
2.0
1401.0
1915.0
22.73368911387469
2.0
104.0
1910.0
22.73373822454211
2.0
459.0
1465.0
22.736312003228225
2.0
180.0
338.0
22.739813900336852
2.0
152.0
513.0
22.742277218597863
2.0
1252.0
1873.0
22.743317812022955
2.0
1938.0
2272.0
22.74442183792407
3.0
756.0
1028.0
22.753454375987726
2.0
198.0
1844.0
22.75687087367899
2.0
278.0
1621.0
22.758321502722637
2.0
62.0
624.0
22.760392474876333
2.0
176.0
1959.0
22.7658046808806
2.0
537.0
1400.0
22.767405838354904
2.0
751.0
2444.0
22.768660787474573
4.0
1435.0
1932.0
22.7729295125243
2.0
840.0
1886.0
22.778272670104926
2.0
1772.0
1847.0
22.778655160053095
2.0
1173.0
1524.0
22.778816676063546
2.0
425.0
1296.0
22.785019518015158
2.0
867.0
1412.0
22.785239307152825
2.0
932.0
1704.0
22.786457572480295
2.0
914.0
2205.0
22.78676888509157
3.0
190.0
625.0
22.79097235661217
2.0
954.0
1411.0
22.792869624696507
2.0
1423.0
2533.0
22.793610833606635
3.0
331.0
716.0
22.795914302568537
2.0
522.0
533.0
22.797051543481917
2.0
897.0
941.0
22.79784794913282
2.0
215.0
1365.0
22.79785713607399
2.0
356.0
497.0
22.7995563107687
2.0
2130.0
2266.0
22.79989141688176
4.0
214.0
388.0
22.809889848812023
2.0
16.0
2261.0
22.811507113651498
3.0
336.0
1233.0
22.814692074414275
2.0
372.0
575.0
22.81729668516899
2.0
302.0
643.0
22.82104522737789
2.0
212.0
639.0
22.8212094051437
2.0
2022.0
2565.0
22.829123399227235
5.0
412.0
1109.0
22.831145652783782
2.0
662.0
945.0
22.83807553959783
2.0
1249.0
2093.0
22.839126806417696
3.0
605.0
1357.0
22.839838844194897
2.0
4.0
83.0
22.843254596188277
2.0
1790.0
2138.0
22.847099820200405
3.0
1241.0
1377.0
22.858392004029028
2.0
935.0
1211.0
22.859007597383762
2.0
888.0
2146.0
22.871115200823347
3.0
1548.0
1559.0
22.871748584021184
2.0
1304.0
1630.0
22.876497368494114
2.0
79.0
1479.0
22.87754910989224
2.0
1285.0
1371.0
22.87849003519643
2.0
1381.0
2087.0
22.883230493302438
3.0
1855.0
2319.0
22.891907923004688
3.0
1333.0
1703.0
22.893252231841004
2.0
788.0
1766.0
22.898118261305807
2.0
730.0
807.0
22.901556176942908
2.0
1000.0
1933.0
22.90303193606006
2.0
1866.0
1921.0
22.906280764628953
2.0
1515.0
2279.0
22.911161400977115
4.0
1031.0
1999.0
22.911817573058446
2.0
709.0
1900.0
22.92229617140588
2.0
1945.0
2493.0
22.933209600684965
3.0
759.0
868.0
22.938604057709007
2.0
185.0
1507.0
22.938848035521268
2.0
1558.0
1911.0
22.93961334341165
2.0
866.0
1154.0
22.945227732321502
2.0
520.0
1378.0
22.947707179267987
2.0
359.0
1302.0
22.951663120575322
2.0
1135.0
2327.0
22.954800180767037
3.0
2006.0
2345.0
22.9561653166722
4.0
916.0
1048.0
22.959678629417095
2.0
2017.0
2023.0
22.964021616852232
4.0
771.0
1256.0
22.96882763547274
2.0
103.0
510.0
22.96991138585885
2.0
584.0
2545.0
22.970393861234598
3.0
950.0
1451.0
22.973812464336888
2.0
2007.0
2099.0
22.97513697013893
4.0
1348.0
2642.0
22.983309883928936
3.0
464.0
1404.0
22.99050902752571
2.0
168.0
1757.0
22.99302048941732
2.0
196.0
2367.0
22.99317320405656
4.0
612.0
1463.0
22.993782512546552
2.0
1105.0
1471.0
22.993813735264872
2.0
2040.0
2432.0
22.995805662673575
4.0
659.0
770.0
22.99952509602809
2.0
312.0
1349.0
22.999782035509103
2.0
76.0
1388.0
23.003049154442017
2.0
1774.0
1957.0
23.030053879288293
2.0
490.0
552.0
23.032273747225876
2.0
775.0
2202.0
23.033285706016017
3.0
1570.0
2724.0
23.034194403990565
3.0
997.0
1422.0
23.039383060663738
2.0
1427.0
2207.0
23.04128696626431
3.0
590.0
742.0
23.04264726404387
2.0
1363.0
1963.0
23.044923289682473
2.0
554.0
1579.0
23.04533318624807
2.0
677.0
1692.0
23.046579818036417
2.0
1656.0
2500.0
23.047440445421103
3.0
1095.0
1186.0
23.047461662707896
2.0
107.0
2438.0
23.048407510159578
3.0
1027.0
2129.0
23.052575660830236
3.0
485.0
1707.0
23.053649352888666
2.0
1624.0
2437.0
23.06153984300274
3.0
750.0
2469.0
23.06242358355348
3.0
1355.0
1510.0
23.06602593822733
2.0
178.0
1736.0
23.066242733885005
2.0
728.0
986.0
23.071929640322296
2.0
1.0
2339.0
23.076485769699033
3.0
652.0
860.0
23.07931649441608
2.0
943.0
2074.0
23.08639153353998
3.0
1414.0
2014.0
23.087190379051723
3.0
126.0
1563.0
23.088285114912917
2.0
422.0
1350.0
23.090308510261274
2.0
1370.0
1428.0
23.090945253404573
2.0
42.0
823.0
23.093789865676133
2.0
22.0
2249.0
23.095979886813357
3.0
35.0
2150.0
23.101250737837937
3.0
1205.0
1894.0
23.104486477199586
2.0
268.0
1841.0
23.110092302710125
2.0
468.0
1367.0
23.110244390813047
2.0
507.0
2487.0
23.11227627074668
3.0
235.0
456.0
23.123805456443552
2.0
276.0
657.0
23.12891271170176
2.0
733.0
2073.0
23.136160459630474
3.0
1452.0
2216.0
23.148573369128652
3.0
298.0
1164.0
23.14885763983765
2.0
392.0
1332.0
23.149204546139547
2.0
766.0
1529.0
23.164793038005914
2.0
1744.0
2068.0
23.167636758568456
3.0
518.0
2253.0
23.168287314280324
3.0
1846.0
1893.0
23.16907661002507
2.0
540.0
724.0
23.17029580024221
2.0
1925.0
2140.0
23.17053732358391
3.0
434.0
2328.0
23.180005303226356
3.0
588.0
725.0
23.180314793111776
2.0
219.0
343.0
23.18146867385046
2.0
25.0
1024.0
23.18741857022621
2.0
230.0
2034.0
23.189693924467655
3.0
53.0
821.0
23.20290089367435
2.0
1454.0
2402.0
23.21357853733635
3.0
1633.0
2254.0
23.21552684559048
3.0
256.0
2081.0
23.216780693628877
3.0
1219.0
1286.0
23.218859998155484
2.0
569.0
2235.0
23.223281447636293
3.0
75.0
946.0
23.225310947233858
2.0
495.0
1155.0
23.226271136657097
2.0
411.0
1180.0
23.22663530350792
2.0
1319.0
2435.0
23.230080984294503
3.0
543.0
2526.0
23.230552252290224
3.0
1078.0
2065.0
23.238026228803573
3.0
1151.0
1811.0
23.240339325445994
2.0
2025.0
2159.0
23.243461026754872
4.0
2406.0
2426.0
23.244791721640905
4.0
1066.0
1275.0
23.25608236434176
2.0
2183.0
2398.0
23.271511538994446
4.0
947.0
2790.0
23.27308216054277
3.0
439.0
1852.0
23.275247702135147
2.0
165.0
687.0
23.276309341447487
2.0
1298.0
1323.0
23.279102228594553
2.0
996.0
1731.0
23.279756713649732
2.0
951.0
1326.0
23.28159891735056
2.0
1005.0
1447.0
23.282451977266852
2.0
594.0
2678.0
23.282624625481613
3.0
137.0
199.0
23.285234553114464
2.0
393.0
589.0
23.29014577982264
2.0
1650.0
2394.0
23.2902142390919
3.0
27.0
1991.0
23.295495247090066
2.0
830.0
2455.0
23.30354294781523
3.0
500.0
735.0
23.30898185166846
2.0
850.0
1271.0
23.311499254501197
2.0
679.0
1759.0
23.316587016502016
2.0
983.0
1038.0
23.317079290780015
2.0
1582.0
2062.0
23.319459829974026
3.0
1410.0
1474.0
23.324815618096814
2.0
381.0
1495.0
23.3269843601738
2.0
655.0
871.0
23.331601034834705
2.0
472.0
2220.0
23.334961427423895
3.0
145.0
1207.0
23.34974804132482
2.0
1127.0
1765.0
23.353411614238677
2.0
323.0
486.0
23.359271267231094
2.0
517.0
2184.0
23.36220920152099
3.0
69.0
816.0
23.366106105517357
2.0
1405.0
1456.0
23.366695099098628
2.0
229.0
1737.0
23.367235648073006
2.0
1065.0
1208.0
23.37328303493473
2.0
1018.0
1659.0
23.375549660959262
2.0
839.0
1696.0
23.384069799867387
2.0
1316.0
1950.0
23.385252058204436
2.0
2136.0
2152.0
23.387420456542163
4.0
1608.0
2378.0
23.390550665437413
3.0
437.0
521.0
23.391101107480075
2.0
512.0
1785.0
23.394355787517753
2.0
1218.0
1528.0
23.39773328660657
2.0
29.0
2647.0
23.3982236995385
3.0
571.0
2246.0
23.403583466607582
3.0
523.0
812.0
23.40684102404898
2.0
2010.0
2304.0
23.41129487959815
4.0
1607.0
2192.0
23.424790515949315
3.0
1416.0
2564.0
23.429308209121544
3.0
596.0
2585.0
23.444921131362246
3.0
2222.0
2505.0
23.447343443222998
4.0
2185.0
2349.0
23.451056384295132
4.0
1101.0
1399.0
23.453496509131753
2.0
247.0
1535.0
23.454040005559587
2.0
1033.0
2418.0
23.45423691720284
5.0
2082.0
2238.0
23.45512755401709
4.0
2248.0
2717.0
23.45540194195509
5.0
1134.0
2106.0
23.45799927031589
3.0
2000.0
2619.0
23.458549294382504
3.0
143.0
1589.0
23.459169881604428
2.0
1254.0
2224.0
23.45988885924552
3.0
883.0
1375.0
23.463467541112312
2.0
175.0
2638.0
23.465863080103674
3.0
68.0
801.0
23.469057996934264
2.0
183.0
737.0
23.46935086863102
2.0
529.0
1891.0
23.469816109613504
2.0
2218.0
2227.0
23.48080983274066
4.0
2032.0
2301.0
23.481520240226118
4.0
1161.0
2744.0
23.498272708084976
3.0
1209.0
2607.0
23.49896029471842
3.0
900.0
1870.0
23.499143723187267
2.0
306.0
701.0
23.49996615883447
2.0
1227.0
2307.0
23.502202249981217
3.0
1012.0
1232.0
23.503683895769584
2.0
238.0
977.0
23.507755919811867
2.0
288.0
904.0
23.510640116947247
2.0
646.0
2671.0
23.513020105605282
3.0
1924.0
2027.0
23.513949062785812
3.0
117.0
2654.0
23.514895732415045
4.0
1122.0
2256.0
23.517280311894027
3.0
1927.0
2529.0
23.5191364987811
3.0
317.0
614.0
23.51994934519398
2.0
2029.0
2057.0
23.523770387241473
4.0
1819.0
2142.0
23.528875629186622
3.0
729.0
2270.0
23.530245153054157
3.0
209.0
1509.0
23.534772281277768
2.0
1786.0
2333.0
23.541636718755274
3.0
1657.0
2225.0
23.555835045440006
3.0
182.0
2702.0
23.556284593076835
3.0
361.0
2799.0
23.55628635287298
3.0
1087.0
1284.0
23.56162130739244
2.0
2019.0
2314.0
23.5621730423695
4.0
2114.0
2814.0
23.564379092966476
5.0
1394.0
1466.0
23.56454750387001
2.0
415.0
1614.0
23.570164270402348
2.0
2123.0
2317.0
23.572312364382707
4.0
1167.0
1718.0
23.573630299112246
2.0
592.0
1343.0
23.577879277981104
2.0
123.0
2066.0
23.5859364845894
3.0
1445.0
1988.0
23.588211385038335
2.0
2403.0
2757.0
23.59275150534677
4.0
2077.0
2268.0
23.596598972915494
4.0
937.0
1096.0
23.616982830269762
2.0
438.0
2388.0
23.624196698062242
3.0
829.0
2595.0
23.63938563925688
3.0
166.0
1687.0
23.64214857778058
2.0
304.0
1260.0
23.6446109175855
2.0
1595.0
2428.0
23.645350016222917
3.0
802.0
842.0
23.653139258587775
2.0
24.0
2296.0
23.6544102744217
3.0
299.0
1150.0
23.65479815135934
2.0
561.0
2116.0
23.65518114343752
3.0
1067.0
2791.0
23.66233974125051
3.0
2003.0
2137.0
23.663979563016444
4.0
2117.0
2600.0
23.66729632814464
7.0
347.0
2560.0
23.672010714582026
3.0
2039.0
2589.0
23.674379104774264
5.0
2245.0
2480.0
23.679576402842855
4.0
455.0
2313.0
23.68085191942446
3.0
460.0
1034.0
23.682915876153743
2.0
405.0
713.0
23.683627480671305
2.0
2522.0
2643.0
23.68626598811152
4.0
2395.0
2554.0
23.689965264530382
6.0
2013.0
2052.0
23.69195582497635
4.0
1226.0
1775.0
23.69823774103472
2.0
1992.0
1993.0
23.69835556999304
2.0
142.0
1639.0
23.70290838255935
2.0
717.0
1970.0
23.704444081707916
2.0
465.0
1240.0
23.70929541501696
2.0
1643.0
2341.0
23.712472729622068
3.0
140.0
1885.0
23.71510120187781
2.0
776.0
2635.0
23.716378076532585
3.0
1202.0
1225.0
23.72210340248324
2.0
623.0
647.0
23.722224441546224
2.0
1297.0
2603.0
23.72530376206724
3.0
511.0
2329.0
23.728789071680055
3.0
2021.0
2667.0
23.733149849098034
4.0
1881.0
1979.0
23.733374805948333
2.0
1231.0
1725.0
23.74095775629356
2.0
2075.0
2212.0
23.742034576470687
4.0
1300.0
2620.0
23.747558064594397
4.0
463.0
1497.0
23.74843485653406
2.0
2043.0
2340.0
23.760994028368696
4.0
855.0
2834.0
23.765779569190187
4.0
81.0
350.0
23.770491876246243
2.0
566.0
1851.0
23.77304043877342
2.0
161.0
2502.0
23.779957765494935
3.0
769.0
1162.0
23.78453773397317
2.0
1800.0
1914.0
23.788416252213377
2.0
2295.0
2655.0
23.79287041693826
4.0
85.0
1080.0
23.794778340683088
2.0
430.0
1244.0
23.79716886798463
2.0
1760.0
2602.0
23.797900879888896
3.0
1694.0
2372.0
23.805592801897287
3.0
1750.0
2056.0
23.8061082899866
3.0
45.0
2710.0
23.809775928381377
3.0
675.0
2213.0
23.810661117325488
3.0
803.0
1747.0
23.81131643289905
2.0
1715.0
1722.0
23.818509230719783
2.0
2143.0
2201.0
23.830851206537627
4.0
116.0
2715.0
23.838540526143092
5.0
805.0
995.0
23.84092706926177
2.0
424.0
1729.0
23.846008690362634
2.0
293.0
685.0
23.850222357695372
2.0
1016.0
1654.0
23.85219975064189
2.0
2139.0
2274.0
23.853585665727405
4.0
2271.0
2854.0
23.854953752584045
4.0
216.0
1943.0
23.858936240134526
2.0
1250.0
2412.0
23.85915206115787
3.0
310.0
1431.0
23.859249432240446
2.0
2135.0
2331.0
23.861161389992898
4.0
1179.0
1869.0
23.86605468359306
2.0
1049.0
1730.0
23.86651710974758
2.0
2050.0
2337.0
23.871442522556585
4.0
1014.0
2109.0
23.876198216571517
3.0
602.0
2310.0
23.880063085206256
3.0
1734.0
2686.0
23.88486097522529
3.0
205.0
814.0
23.903654303831885
2.0
2396.0
2733.0
23.90797589365172
5.0
2104.0
2108.0
23.9145579059946
4.0
457.0
1981.0
23.915175864643864
2.0
2355.0
2761.0
23.920542278008178
6.0
118.0
2419.0
23.92154277783294
3.0
189.0
1930.0
23.92676417788857
2.0
1196.0
2636.0
23.92764583965409
3.0
2195.0
2759.0
23.934655320572766
5.0
82.0
449.0
23.96427538331958
2.0
484.0
1436.0
23.966383490295232
2.0
287.0
1059.0
23.971280674458374
2.0
960.0
2090.0
23.98698133476297
3.0
2111.0
2315.0
23.987811945267232
4.0
2011.0
2155.0
23.99172110486959
4.0
1360.0
1754.0
23.996418726744093
2.0
790.0
2597.0
24.004309513035953
5.0
37.0
680.0
24.008313906453523
2.0
2528.0
2543.0
24.01345808732832
4.0
41.0
243.0
24.013985745689784
2.0
727.0
2542.0
24.015809376733877
3.0
1322.0
2512.0
24.02017460675028
3.0
800.0
2267.0
24.029839896266587
3.0
1520.0
2353.0
24.037066131350787
3.0
822.0
2741.0
24.053484614084166
3.0
1141.0
2322.0
24.059013211764203
3.0
409.0
1044.0
24.06510647186541
2.0
2126.0
2568.0
24.069090339382644
4.0
708.0
2558.0
24.07115306972806
4.0
1408.0
2390.0
24.07378249988512
3.0
1037.0
2468.0
24.0756010404785
3.0
1120.0
1457.0
24.0799762738244
2.0
2407.0
2440.0
24.083137646219893
5.0
443.0
1982.0
24.086722599713696
2.0
1308.0
1508.0
24.088541398247802
2.0
1779.0
2780.0
24.100752075847144
3.0
360.0
2753.0
24.108620482287844
4.0
2182.0
2511.0
24.119155874611785
4.0
2262.0
2532.0
24.119465766900333
5.0
2044.0
2085.0
24.12367242258822
4.0
2233.0
2275.0
24.124034164913844
4.0
514.0
2221.0
24.1240937746209
3.0
1473.0
2384.0
24.12455380075001
3.0
1194.0
1961.0
24.126696796641482
2.0
1620.0
2754.0
24.129006092358125
5.0
61.0
2804.0
24.130141100305902
3.0
502.0
2422.0
24.131410002745604
4.0
2316.0
2725.0
24.133502297270482
5.0
1783.0
2520.0
24.137477978947643
3.0
678.0
707.0
24.137635150746537
2.0
1809.0
2269.0
24.1379314049035
3.0
1848.0
2623.0
24.139748560920285
3.0
1557.0
2232.0
24.145847397023832
3.0
1490.0
2366.0
24.147237964342274
3.0
188.0
2290.0
24.147625180737574
3.0
2318.0
2645.0
24.147916429227028
5.0
325.0
2853.0
24.15639597603183
3.0
2377.0
2439.0
24.16243861063131
4.0
1438.0
1906.0
24.170331598525994
2.0
2158.0
2508.0
24.171882539937123
4.0
1102.0
1901.0
24.1839245655832
2.0
1330.0
2838.0
24.196051242337813
3.0
220.0
2281.0
24.19836068140758
4.0
2132.0
2206.0
24.203097339995434
4.0
2252.0
2430.0
24.204437919304954
4.0
573.0
2868.0
24.205908783915483
3.0
1742.0
1784.0
24.23191749851497
2.0
2547.0
2550.0
24.237237265484058
4.0
1320.0
2118.0
24.237451731734073
3.0
19.0
1041.0
24.24362739900224
2.0
2124.0
2370.0
24.256731769144817
4.0
374.0
1429.0
24.261740108257523
2.0
1688.0
2574.0
24.263513409229773
3.0
969.0
1902.0
24.272990223578788
2.0
778.0
2089.0
24.275580693947592
3.0
237.0
2264.0
24.277696301759896
3.0
684.0
2998.0
24.28078937781744
3.0
102.0
2553.0
24.283373419541462
3.0
1288.0
2980.0
24.294384567831717
3.0
2187.0
2427.0
24.317744858073276
4.0
2397.0
2473.0
24.320489387859563
4.0
144.0
2369.0
24.328128874146422
3.0
2197.0
2311.0
24.330853222720364
5.0
56.0
2230.0
24.337996703424512
3.0
355.0
859.0
24.338166900508345
2.0
2176.0
2381.0
24.339543900017617
4.0
290.0
2537.0
24.34267344365718
3.0
2097.0
2557.0
24.343632814597726
4.0
2058.0
2756.0
24.348577711799244
6.0
2357.0
2448.0
24.3537493629554
4.0
827.0
928.0
24.3544218495001
2.0
184.0
192.0
24.355944296751588
2.0
2088.0
2615.0
24.369102548313222
4.0
194.0
1518.0
24.377526844073902
2.0
2517.0
2773.0
24.382561331185208
4.0
46.0
2467.0
24.387508938085205
3.0
384.0
2899.0
24.389709581873685
3.0
666.0
1248.0
24.39985713650779
2.0
944.0
1569.0
24.400415237362125
2.0
2110.0
2151.0
24.4007775141762
4.0
2374.0
2630.0
24.403563020287905
4.0
2127.0
2258.0
24.404482079603238
4.0
283.0
2735.0
24.414138658082752
3.0
597.0
2864.0
24.41852568321008
3.0
1814.0
2460.0
24.4221735722084
3.0
1074.0
1613.0
24.425147816477118
2.0
2286.0
2523.0
24.429153434865693
4.0
1989.0
2347.0
24.44507711562155
3.0
2321.0
2423.0
24.45438494657878
4.0
1229.0
2364.0
24.45817158414183
3.0
1314.0
1807.0
24.467670853234264
2.0
1079.0
1953.0
24.472498040698376
2.0
546.0
1626.0
24.474317201768727
2.0
2332.0
2415.0
24.47999167767326
4.0
2454.0
2524.0
24.48753257272915
4.0
2020.0
2608.0
24.4891262739696
4.0
2360.0
2723.0
24.496751634111025
4.0
1483.0
2641.0
24.497686882347207
3.0
2157.0
2783.0
24.50068287496807
4.0
2289.0
2441.0
24.50399072829066
4.0
2297.0
2485.0
24.50454268078227
4.0
1792.0
2413.0
24.517967774786033
3.0
2211.0
2445.0
24.51928193483374
7.0
1942.0
2171.0
24.522234434729317
3.0
187.0
3041.0
24.529231551885502
4.0
1917.0
2940.0
24.531054408852302
3.0
131.0
2748.0
24.536427780330598
3.0
2338.0
2673.0
24.53765150366718
4.0
1770.0
2588.0
24.54040121423744
3.0
316.0
2716.0
24.54250840685686
3.0
1828.0
2720.0
24.550821223434802
3.0
2055.0
2599.0
24.55470518131293
5.0
2045.0
2257.0
24.556245649229787
4.0
761.0
2178.0
24.556577256077997
3.0
618.0
2391.0
24.564787018075695
3.0
691.0
2181.0
24.56888818824668
3.0
1069.0
2365.0
24.583308620213632
3.0
429.0
2915.0
24.58501697610369
4.0
2461.0
2464.0
24.58547815955956
4.0
2387.0
2797.0
24.60026338976026
4.0
2503.0
2697.0
24.60071468037862
4.0
172.0
2059.0
24.601994167518257
3.0
2094.0
2362.0
24.60725857649467
5.0
2175.0
2484.0
24.611921300355547
4.0
1874.0
2018.0
24.62137546914717
3.0
2095.0
2228.0
24.621598484457177
4.0
71.0
2704.0
24.625773470296103
3.0
2008.0
2217.0
24.640177913570817
4.0
2383.0
2696.0
24.64034961614689
4.0
2400.0
2611.0
24.646034436134816
4.0
1442.0
2495.0
24.65076373078199
3.0
1143.0
2035.0
24.6576521600289
3.0
1247.0
2617.0
24.658177098480042
3.0
508.0
2730.0
24.66016741545219
3.0
2592.0
2900.0
24.66438247679457
4.0
2368.0
3066.0
24.665854077618086
5.0
2293.0
2471.0
24.665972092166886
5.0
838.0
2941.0
24.676399462363673
3.0
2105.0
2916.0
24.676790672680006
4.0
2273.0
2330.0
24.677969768883834
4.0
2475.0
2763.0
24.67800680318134
4.0
2186.0
2563.0
24.679183950274034
4.0
474.0
2637.0
24.687443008205125
3.0
410.0
764.0
24.688532744864652
2.0
955.0
1043.0
24.6894550607618
2.0
2303.0
2434.0
24.692309511450823
5.0
2190.0
2569.0
24.70555574091671
4.0
2063.0
3118.0
24.709452989994382
6.0
2265.0
3155.0
24.733375274549
6.0
898.0
1761.0
24.739824681148132
2.0
1488.0
2509.0
24.75617249093374
4.0
1022.0
2848.0
24.758378478588842
3.0
441.0
565.0
24.758618463367267
2.0
1632.0
3015.0
24.76648420311892
3.0
694.0
2567.0
24.773466643025486
3.0
806.0
1318.0
24.775719311239687
2.0
994.0
2827.0
24.77762740447034
3.0
1040.0
2626.0
24.779454280707206
3.0
397.0
2751.0
24.782916471403677
3.0
526.0
2659.0
24.7976435427442
4.0
586.0
2803.0
24.79834867052998
3.0
2103.0
2777.0
24.798772403697214
5.0
335.0
2260.0
24.816062974859545
3.0
2325.0
2904.0
24.826608645925965
5.0
864.0
2519.0
24.826612722651692
3.0
818.0
2855.0
24.843333478116616
3.0
2351.0
2624.0
24.845791731572927
4.0
2244.0
2742.0
24.84695702952791
4.0
1398.0
2896.0
24.84759683581692
3.0
2226.0
2828.0
24.858410481334673
5.0
2354.0
2605.0
24.85857886717103
7.0
2079.0
2392.0
24.859206307540855
4.0
660.0
1055.0
24.861837556440214
2.0
2414.0
2566.0
24.862407682308152
6.0
2576.0
2932.0
24.86748976970956
4.0
1461.0
2450.0
24.867557469612116
3.0
154.0
848.0
24.869300010917183
2.0
2498.0
2785.0
24.871563294567952
6.0
2452.0
3179.0
24.87214823782133
9.0
28.0
303.0
24.878552069186522
2.0
2499.0
2573.0
24.882388976030416
4.0
2164.0
2958.0
24.889940083324067
6.0
2544.0
2860.0
24.891597012420185
4.0
2239.0
2784.0
24.89424892666018
5.0
2755.0
3123.0
24.90384585660062
4.0
1603.0
2031.0
24.905768096627792
3.0
1062.0
2535.0
24.909783585709135
3.0
2451.0
2989.0
24.91014628168522
5.0
2236.0
2346.0
24.913233739749753
4.0
246.0
1083.0
24.9142842426157
2.0
2348.0
2781.0
24.914878219425933
4.0
2240.0
3076.0
24.915596637385192
6.0
2334.0
3017.0
24.9196155676078
5.0
2363.0
2993.0
24.92080094207863
4.0
2417.0
2703.0
24.9212339051894
4.0
2476.0
2492.0
24.922086088445752
6.0
847.0
2841.0
24.922638015220528
3.0
98.0
2598.0
24.925077489469974
3.0
1056.0
1691.0
24.929286310604496
2.0
2203.0
2442.0
24.931656282452238
4.0
2209.0
2482.0
24.945600212342885
5.0
2614.0
2964.0
24.95706868959518
5.0
2188.0
2280.0
24.959714785780054
4.0
1439.0
2241.0
24.970942762169944
3.0
2555.0
2866.0
24.97601641576957
4.0
2177.0
3037.0
24.979351255371835
5.0
362.0
1019.0
24.98226754545625
2.0
2479.0
2937.0
24.985822356931855
4.0
2705.0
2921.0
24.990141111101472
5.0
2179.0
2807.0
25.01895812215708
4.0
2581.0
3018.0
25.0328064204066
4.0
2320.0
2944.0
25.05582753840364
6.0
2506.0
2616.0
25.065377427087583
4.0
2076.0
2737.0
25.065704180325064
5.0
1996.0
2825.0
25.069149805459222
4.0
170.0
2719.0
25.08424649563451
3.0
2156.0
2582.0
25.096465928179356
5.0
603.0
2278.0
25.098366216713305
3.0
2379.0
2501.0
25.10253638228109
4.0
1805.0
2536.0
25.112934871876316
3.0
2294.0
2886.0
25.118068846950454
6.0
2510.0
2577.0
25.12228072107373
4.0
2219.0
2627.0
25.13034186325398
4.0
1635.0
2530.0
25.143168254448412
3.0
2421.0
2539.0
25.146896844090755
4.0
846.0
3208.0
25.149034527694855
3.0
2047.0
2609.0
25.155057176358262
6.0
1446.0
2709.0
25.161370053263248
4.0
2361.0
2694.0
25.162145186222567
4.0
2596.0
3147.0
25.16775607083878
5.0
963.0
2386.0
25.1930009233243
3.0
1239.0
1948.0
25.208886590530877
2.0
135.0
3101.0
25.212953694958536
5.0
553.0
2458.0
25.216499380131484
3.0
1106.0
2166.0
25.220165979006794
3.0
1234.0
2578.0
25.22607320551302
3.0
2656.0
2670.0
25.231856761294093
4.0
2133.0
2380.0
25.23350050954948
4.0
407.0
3150.0
25.24048182439286
5.0
2199.0
2674.0
25.243996385600074
4.0
2302.0
2646.0
25.25465761309639
6.0
2112.0
2856.0
25.268640835155203
4.0
1969.0
2693.0
25.27009667194196
3.0
2193.0
2986.0
25.27294840461363
4.0
576.0
3119.0
25.28042409606812
4.0
417.0
2376.0
25.281394273149232
3.0
2399.0
2762.0
25.2879020191463
5.0
2504.0
3010.0
25.28970779739806
5.0
1743.0
2887.0
25.295146977430992
3.0
2148.0
2446.0
25.30812814166199
7.0
2215.0
3026.0
25.310469100919036
6.0
2966.0
3087.0
25.323694806723875
6.0
2028.0
2819.0
25.335668788758884
4.0
2766.0
2946.0
25.346386105722512
5.0
1315.0
3142.0
25.360332530783754
4.0
2048.0
2572.0
25.37454131238585
4.0
2100.0
3229.0
25.381251192545985
5.0
2250.0
2449.0
25.383284198696778
4.0
2433.0
2706.0
25.38861744879629
5.0
1459.0
2677.0
25.39238074858585
3.0
2465.0
2816.0
25.399753530431056
4.0
2770.0
2842.0
25.405767921017254
4.0
2931.0
3138.0
25.406010356650796
5.0
2404.0
2513.0
25.4089520611528
4.0
2408.0
2640.0
25.410066828539474
4.0
2344.0
3036.0
25.414779005910773
5.0
2196.0
2255.0
25.42207205629514
4.0
2356.0
3024.0
25.428373453899834
5.0
1385.0
2411.0
25.428862284162626
3.0
2165.0
2287.0
25.443863416084692
4.0
1995.0
3088.0
25.444405236804403
4.0
2474.0
3060.0
25.44829850035663
5.0
2409.0
3177.0
25.454458432639285
8.0
2309.0
3207.0
25.463334831088144
5.0
2955.0
2983.0
25.478471930606993
4.0
2350.0
2571.0
25.4872836448582
4.0
2169.0
2551.0
25.487422769888614
5.0
726.0
2745.0
25.490092097872544
3.0
2556.0
2997.0
25.495295067758494
4.0
1806.0
2393.0
25.498091039732284
3.0
2594.0
2625.0
25.504663760678877
4.0
2515.0
2591.0
25.51242829399143
6.0
1700.0
2972.0
25.515651066834156
3.0
853.0
2525.0
25.524138271957025
3.0
2942.0
3063.0
25.538403522029057
6.0
2488.0
2885.0
25.550177240117396
6.0
793.0
2798.0
25.550481558653058
3.0
2657.0
2660.0
25.573907318690463
5.0
2425.0
2711.0
25.586667814871
4.0
2561.0
2953.0
25.60329240494413
5.0
2880.0
3022.0
25.607342929941744
4.0
2786.0
3061.0
25.610173600585323
4.0
2844.0
2874.0
25.613578321345393
5.0
1763.0
3175.0
25.621273731991224
3.0
2443.0
3009.0
25.62375890092994
6.0
2846.0
2875.0
25.627306751220132
4.0
473.0
2685.0
25.634587127000152
3.0
2593.0
2817.0
25.639898204249484
5.0
2078.0
3014.0
25.65489291601501
6.0
2668.0
2813.0
25.66057195984488
6.0
2305.0
3301.0
25.665021579247075
6.0
633.0
3242.0
25.692460433918697
5.0
2336.0
3269.0
25.692868765288
6.0
2153.0
3071.0
25.70751760461921
7.0
2373.0
2736.0
25.72674125653628
6.0
2470.0
3166.0
25.731016000237755
6.0
1354.0
3096.0
25.73950766313476
3.0
1752.0
3111.0
25.739803353868776
5.0
2086.0
3025.0
25.74019036911843
6.0
2740.0
2802.0
25.74090840180071
4.0
988.0
2789.0
25.749558335017618
3.0
2420.0
2701.0
25.7566898257744
4.0
2633.0
2833.0
25.757018235162256
6.0
2189.0
2782.0
25.7651742159302
5.0
2665.0
3093.0
25.77262640303719
5.0
1157.0
2906.0
25.776077928451137
3.0
2806.0
2869.0
25.776244263818523
4.0
2405.0
2968.0
25.78107434641847
4.0
259.0
3046.0
25.786180724985574
3.0
849.0
2676.0
25.79053097919199
3.0
2308.0
2959.0
25.79174046585548
4.0
2051.0
2765.0
25.800057115940565
6.0
1393.0
2718.0
25.800937902803483
3.0
2666.0
2690.0
25.81732431378605
4.0
2682.0
2734.0
25.82179427509105
4.0
2699.0
2726.0
25.825504899589813
4.0
2764.0
2877.0
25.832808593901124
4.0
1955.0
2945.0
25.83410979643764
3.0
2618.0
3097.0
25.834211181218
6.0
1544.0
2538.0
25.836196495258967
3.0
2389.0
3231.0
25.850996198845575
6.0
2604.0
2893.0
25.852395480140153
5.0
2905.0
3124.0
25.855390235825563
4.0
1831.0
2559.0
25.85737742755719
3.0
2358.0
2861.0
25.871748996214766
5.0
2851.0
3083.0
25.884238871903648
4.0
285.0
1212.0
25.8907763509653
2.0
1181.0
3072.0
25.892934815183988
3.0
2548.0
2583.0
25.898596230628023
4.0
2683.0
3098.0
25.900774684110157
6.0
2832.0
2865.0
25.90234259849438
6.0
2688.0
2895.0
25.9035627249703
5.0
2489.0
2862.0
25.904458768797557
4.0
2198.0
2675.0
25.963037638249595
4.0
2575.0
2897.0
25.96939482444871
5.0
2579.0
2612.0
25.9730007028306
4.0
2969.0
3077.0
25.981781050713288
6.0
1395.0
2829.0
25.985442041243065
3.0
1825.0
2477.0
25.986348245048813
3.0
483.0
1415.0
25.98767177828865
2.0
2760.0
3099.0
25.988793114091727
6.0
2466.0
2610.0
25.999043242472553
6.0
765.0
2923.0
26.00895245296349
4.0
2541.0
2949.0
26.02015179734608
10.0
1477.0
3031.0
26.03587439634768
3.0
2298.0
2775.0
26.042814785743975
5.0
2800.0
3068.0
26.04438580015877
6.0
2259.0
3073.0
26.046761933944744
5.0
2497.0
2747.0
26.049478451518656
4.0
2689.0
2835.0
26.05471154014017
4.0
2650.0
3180.0
26.0640064205477
8.0
2531.0
3258.0
26.06596114354564
10.0
2549.0
2872.0
26.06990687641259
4.0
3152.0
3307.0
26.07521665669754
8.0
249.0
2815.0
26.083733038990523
3.0
73.0
3306.0
26.084612423089037
5.0
2752.0
2962.0
26.096560360276122
4.0
2490.0
2830.0
26.0983388694442
4.0
1112.0
3127.0
26.098525460070086
5.0
2632.0
3298.0
26.110607351559313
6.0
2728.0
2810.0
26.125707282146827
5.0
382.0
2982.0
26.134900929876874
3.0
2223.0
2496.0
26.142589592903416
4.0
925.0
2888.0
26.14934859169153
3.0
2727.0
3194.0
26.150222850628044
5.0
2985.0
3027.0
26.170937054145526
4.0
568.0
2644.0
26.189487709297644
3.0
2700.0
3001.0
26.190940131280254
6.0
1514.0
3365.0
26.200134523942406
4.0
2606.0
3062.0
26.211300841466773
5.0
2288.0
3069.0
26.220060710609197
6.0
1191.0
2552.0
26.225071489364236
3.0
1052.0
3002.0
26.225618569048645
3.0
2463.0
3133.0
26.233509059781547
5.0
2901.0
3040.0
26.243591194635837
8.0
2882.0
2984.0
26.244772461436224
7.0
2857.0
3042.0
26.24970814115737
6.0
2540.0
2826.0
26.252052511611385
6.0
2584.0
3078.0
26.257088297020744
4.0
2429.0
3029.0
26.258827716098903
4.0
2342.0
2787.0
26.29153237999958
5.0
2909.0
3255.0
26.307753685667898
5.0
2999.0
3092.0
26.318412714795173
6.0
2590.0
3115.0
26.336763486381617
5.0
275.0
3006.0
26.35886726585329
3.0
2876.0
2992.0
26.359104684176746
4.0
2879.0
2994.0
26.38845372583961
7.0
2662.0
2881.0
26.397795032907542
7.0
3159.0
3282.0
26.400436731125467
10.0
2277.0
3156.0
26.40096168468819
5.0
2850.0
2995.0
26.409305688118586
8.0
2684.0
2858.0
26.430215342262187
4.0
2431.0
2494.0
26.431660272452817
4.0
2818.0
3080.0
26.458928972672208
6.0
2424.0
2794.0
26.481951288436875
5.0
2457.0
3091.0
26.48684407709415
6.0
2231.0
3321.0
26.488322574603487
7.0
2970.0
3185.0
26.49459933150214
6.0
3084.0
3112.0
26.496271990246193
7.0
2658.0
2796.0
26.532041399974588
4.0
2324.0
3129.0
26.532590619750618
5.0
2649.0
3039.0
26.536999156017522
6.0
2359.0
3181.0
26.540441322702836
4.0
2758.0
2771.0
26.5405279703385
4.0
2948.0
3013.0
26.550559041271732
9.0
3007.0
3262.0
26.555735325899743
5.0
2285.0
2776.0
26.579262705438822
4.0
2820.0
2991.0
26.588745955760487
5.0
2961.0
3023.0
26.59560225776523
4.0
2933.0
2952.0
26.602925300318837
7.0
695.0
2840.0
26.604343851324373
4.0
1280.0
3047.0
26.61401771911499
4.0
2580.0
2691.0
26.614333184713118
5.0
2631.0
3270.0
26.614632060346434
8.0
2739.0
3109.0
26.619499758755424
4.0
2462.0
3249.0
26.624658886151057
5.0
2173.0
3243.0
26.640537392561168
8.0
3051.0
3353.0
26.64244787483999
10.0
2639.0
2679.0
26.643709377353435
4.0
2562.0
3016.0
26.64527829236559
10.0
2385.0
3290.0
26.66549988485916
7.0
2234.0
3045.0
26.677966543343842
4.0
3086.0
3295.0
26.683403879294513
7.0
3049.0
3203.0
26.68541187943904
8.0
2695.0
3137.0
26.687787289754997
5.0
211.0
3236.0
26.69154523888328
5.0
2672.0
3028.0
26.706424681818746
8.0
2884.0
3285.0
26.710944656734977
8.0
2843.0
3324.0
26.7160860396319
7.0
2936.0
3344.0
26.731595103322196
10.0
1618.0
2831.0
26.734133882213346
3.0
2902.0
3005.0
26.742422924782705
8.0
2586.0
3104.0
26.74835269661295
6.0
2924.0
2926.0
26.754313517574413
7.0
1782.0
3064.0
26.764073343257717
4.0
3188.0
3266.0
26.77141875836515
6.0
2713.0
2954.0
26.77375510486199
4.0
2167.0
3020.0
26.775966712090725
7.0
672.0
3130.0
26.7821686872029
5.0
3263.0
3363.0
26.792642698574998
7.0
2651.0
2749.0
26.797946631368614
4.0
2729.0
3189.0
26.79853490361976
5.0
2204.0
2871.0
26.81629159308107
4.0
52.0
3235.0
26.856845353245607
4.0
2663.0
2714.0
26.85767343704395
4.0
2930.0
3387.0
26.85815190689592
9.0
2375.0
2570.0
26.86604184762782
4.0
2698.0
2801.0
26.86971586514085
7.0
2546.0
3364.0
26.876323798588857
6.0
2956.0
3287.0
26.880920218066198
8.0
2648.0
2910.0
26.897959667585955
4.0
2661.0
2732.0
26.906717150834446
4.0
2911.0
3343.0
26.93998347207195
7.0
2483.0
3116.0
26.952001835735874
5.0
2907.0
3038.0
26.953112065204827
5.0
2808.0
2971.0
26.956913906195386
7.0
150.0
2779.0
26.971225831556357
3.0
2518.0
3117.0
26.9916255063718
4.0
1433.0
2263.0
26.992925341296097
3.0
3019.0
3441.0
26.995304263560964
7.0
2927.0
3225.0
27.038216087082187
9.0
2793.0
3421.0
27.04346190100323
6.0
2847.0
3011.0
27.051711571092476
6.0
1849.0
2979.0
27.05240145906839
3.0
2863.0
3059.0
27.061181249581526
7.0
2894.0
3081.0
27.061821117639955
4.0
2299.0
3212.0
27.076301301939978
6.0
2083.0
3121.0
27.10195821085457
5.0
2960.0
3368.0
27.10513010055891
4.0
2731.0
3186.0
27.133138492385676
6.0
2837.0
2870.0
27.14584374134049
6.0
2613.0
3274.0
27.150179573866826
5.0
2845.0
3356.0
27.15687208551
6.0
2652.0
3008.0
27.178188346378658
6.0
2898.0
3054.0
27.18507410316365
5.0
2722.0
2977.0
27.196771181994787
9.0
2873.0
3198.0
27.217441641266905
8.0
2708.0
2712.0
27.228063324797166
4.0
2436.0
2478.0
27.241858546611798
8.0
2821.0
2890.0
27.248953709077405
6.0
2486.0
2680.0
27.264091586229455
5.0
2459.0
2852.0
27.264889192678122
5.0
2621.0
2746.0
27.273551857113507
5.0
2767.0
3171.0
27.307457365005963
6.0
2721.0
2836.0
27.311844813136435
6.0
2210.0
3173.0
27.320381007048702
6.0
2974.0
3168.0
27.32577441612955
9.0
3163.0
3213.0
27.333672481822916
9.0
2928.0
2951.0
27.333831036263724
7.0
2534.0
3149.0
27.34680384900213
6.0
2903.0
3278.0
27.361341828777718
8.0
2912.0
2938.0
27.375830669163765
6.0
2629.0
3052.0
27.399107921402436
8.0
3151.0
3369.0
27.408411527181997
7.0
2809.0
2973.0
27.418767051513832
5.0
1453.0
2996.0
27.421201419437075
3.0
3211.0
3275.0
27.424204199565146
6.0
2849.0
3187.0
27.429588922512895
4.0
1713.0
3442.0
27.450680078992562
6.0
2521.0
3167.0
27.47185286636806
7.0
3153.0
3359.0
27.477496710298485
6.0
3035.0
3370.0
27.494944987328335
7.0
3102.0
3292.0
27.505522126228037
6.0
2981.0
3272.0
27.50740105540177
9.0
2514.0
2812.0
27.512254095506663
4.0
2681.0
3248.0
27.515368404908376
8.0
2516.0
3074.0
27.530080428529185
6.0
2934.0
3418.0
27.530526478164
8.0
2456.0
3148.0
27.530798311978657
5.0
2507.0
3463.0
27.538680193416663
6.0
2453.0
2976.0
27.539261562251045
4.0
2788.0
3456.0
27.548354098058372
7.0
2628.0
2769.0
27.5525513532472
4.0
2965.0
3315.0
27.55940106319164
5.0
2774.0
3215.0
27.56009927166145
8.0
2988.0
3034.0
27.560767066464607
6.0
3044.0
3299.0
27.57220061988951
10.0
3260.0
3273.0
27.637208113953793
8.0
2990.0
3197.0
27.66911250805555
6.0
3382.0
3390.0
27.675276638980296
10.0
2922.0
3383.0
27.685209521825
9.0
2963.0
3012.0
27.694986463585167
4.0
2634.0
3493.0
27.6949960513308
6.0
2792.0
3105.0
27.698108024348755
5.0
2772.0
2823.0
27.700737496761818
4.0
824.0
3338.0
27.707739497971605
4.0
2920.0
3114.0
27.714258068383504
5.0
2491.0
3551.0
27.721399946014074
8.0
2987.0
3259.0
27.721703007532938
7.0
3144.0
3201.0
27.723829891483323
9.0
3043.0
3444.0
27.738134704542738
6.0
2978.0
3075.0
27.743648507694935
8.0
2943.0
3176.0
27.76233184819358
4.0
2939.0
3447.0
27.77482057443426
8.0
2601.0
2883.0
27.776514037261254
6.0
2859.0
3277.0
27.77986611317606
5.0
2950.0
3334.0
27.790182039190125
9.0
2692.0
3470.0
27.818993640218626
9.0
3332.0
3436.0
27.839857375424646
11.0
3082.0
3178.0
27.848870803145523
8.0
2707.0
3378.0
27.856894404917067
8.0
3232.0
3335.0
27.875520655436453
12.0
3113.0
3281.0
27.875638718428796
11.0
2891.0
3415.0
27.88694348382845
10.0
2622.0
3309.0
27.897312180512422
5.0
3033.0
3451.0
27.90844477136893
10.0
2587.0
3322.0
27.92552416739597
6.0
3141.0
3265.0
27.952136217375582
6.0
3048.0
3271.0
27.98675661263483
8.0
3340.0
3358.0
28.037327927199694
10.0
3050.0
3289.0
28.055912288473948
9.0
2410.0
3520.0
28.07098248643157
11.0
160.0
3106.0
28.10204759076396
5.0
3200.0
3420.0
28.11183314709348
7.0
2743.0
2839.0
28.11889594883088
8.0
2929.0
3514.0
28.13002270887146
8.0
2811.0
2867.0
28.20073643762708
4.0
3221.0
3486.0
28.20825275198526
6.0
3158.0
3410.0
28.237633778048586
7.0
3103.0
3165.0
28.238452172124298
5.0
3070.0
3139.0
28.24001458606198
6.0
3146.0
3300.0
28.272134137977236
6.0
3394.0
3553.0
28.27947037184321
11.0
2401.0
3120.0
28.307617892423018
7.0
2925.0
3191.0
28.31282284077491
6.0
3094.0
3095.0
28.314208057643288
8.0
3145.0
3381.0
28.318123597389597
5.0
2750.0
3058.0
28.31953597595679
6.0
2805.0
3433.0
28.32970158234778
7.0
2824.0
3316.0
28.33807702828046
9.0
3261.0
3391.0
28.3413966577704
9.0
2447.0
2738.0
28.35032192870755
5.0
3021.0
3498.0
28.377643203958133
5.0
3140.0
3230.0
28.378110560915854
5.0
2669.0
3170.0
28.40191705757359
7.0
893.0
3328.0
28.414428880313444
4.0
3100.0
3393.0
28.415781820974374
16.0
3143.0
3154.0
28.42059967499034
10.0
3219.0
3240.0
28.422189634480993
10.0
2134.0
3196.0
28.431804760261873
5.0
3003.0
3496.0
28.43764684887794
8.0
3296.0
3466.0
28.46196563262863
9.0
3347.0
3484.0
28.486697987706467
7.0
2687.0
3288.0
28.48883550230403
7.0
3222.0
3308.0
28.536428169066927
9.0
3030.0
3079.0
28.58012977223269
8.0
3136.0
3377.0
28.591109496592743
8.0
3122.0
3398.0
28.630007522115722
6.0
3244.0
3354.0
28.631032850226422
7.0
3182.0
3323.0
28.640496473999683
8.0
2527.0
3161.0
28.646816963003648
7.0
3089.0
3474.0
28.65916153055549
9.0
2919.0
3234.0
28.660273663350182
7.0
3157.0
3526.0
28.673573609791465
10.0
3055.0
3426.0
28.681825873892315
5.0
2892.0
3223.0
28.725802900453484
9.0
2664.0
2947.0
28.73490592961383
5.0
2768.0
3214.0
28.749145077813623
8.0
2416.0
3554.0
28.753587988312457
6.0
3131.0
3371.0
28.76968926469726
10.0
3174.0
3367.0
28.795666143649605
7.0
3000.0
3529.0
28.824050749731338
13.0
2653.0
3417.0
28.839743330042992
10.0
2918.0
3199.0
28.873959092520145
7.0
3085.0
3513.0
28.90817574329319
7.0
2795.0
3032.0
28.929546561898032
6.0
2822.0
3253.0
28.941911970226343
7.0
3108.0
3431.0
28.969694638161503
8.0
3434.0
3437.0
28.977705778121155
10.0
3169.0
3228.0
29.003518577922453
6.0
3134.0
3205.0
29.025360464644272
13.0
3132.0
3515.0
29.02601486432643
10.0
3190.0
3327.0
29.049907004227517
7.0
2908.0
3057.0
29.059296305717456
5.0
3283.0
3380.0
29.083114469901485
9.0
3226.0
3386.0
29.08643747851694
7.0
3280.0
3357.0
29.1049326948038
7.0
2889.0
3373.0
29.114976219112876
10.0
3217.0
3566.0
29.12549445864889
7.0
2917.0
3558.0
29.130551594540233
14.0
3349.0
3482.0
29.194086450387527
8.0
2778.0
3246.0
29.21428372247702
6.0
3218.0
3488.0
29.223555814248996
7.0
3164.0
3389.0
29.244010623580277
8.0
3519.0
3606.0
29.249766171781545
10.0
3406.0
3413.0
29.25353531885378
8.0
3135.0
3589.0
29.2980181337898
9.0
2975.0
3487.0
29.31332990619152
13.0
3172.0
3479.0
29.318674956717025
11.0
3216.0
3478.0
29.332983300659134
8.0
3268.0
3362.0
29.35509330586258
10.0
3204.0
3500.0
29.359874511290887
5.0
3372.0
3578.0
29.362783345339505
15.0
2878.0
3542.0
29.368730444434583
9.0
2967.0
3452.0
29.43327717113923
6.0
3004.0
3494.0
29.435863663814654
9.0
3366.0
3630.0
29.445614974335307
12.0
3210.0
3336.0
29.461132871104024
15.0
3162.0
3539.0
29.47031770482965
7.0
3247.0
3448.0
29.49563487307026
7.0
3107.0
3423.0
29.512220377597657
8.0
3312.0
3475.0
29.52724210896609
11.0
3435.0
3440.0
29.53543472792616
13.0
3252.0
3345.0
29.554777522171793
11.0
3238.0
3355.0
29.56568561382861
6.0
3376.0
3507.0
29.56945770248741
9.0
3325.0
3546.0
29.57301867565484
7.0
3303.0
3616.0
29.57531854902891
12.0
3251.0
3445.0
29.58929274381503
7.0
3279.0
3346.0
29.6162581303032
10.0
3403.0
3614.0
29.618149997685155
8.0
3311.0
3524.0
29.63946211473125
8.0
3206.0
3317.0
29.644058935772357
10.0
3337.0
3565.0
29.663945049919665
11.0
2306.0
3646.0
29.682635679564054
9.0
3264.0
3284.0
29.694863492272262
9.0
3411.0
3623.0
29.732969413045055
14.0
2914.0
3575.0
29.735750521492015
11.0
3241.0
3607.0
29.813924796591337
12.0
3404.0
3557.0
29.826371003445292
10.0
3361.0
3492.0
29.8431705606986
7.0
3396.0
3504.0
29.896870857430212
9.0
3053.0
3195.0
29.90653443312632
8.0
3250.0
3521.0
29.92891941522324
10.0
3395.0
3522.0
29.93275790637673
13.0
3408.0
3495.0
29.948709286866222
8.0
3291.0
3460.0
29.955320333126195
7.0
3473.0
3545.0
29.95678212000277
17.0
3193.0
3374.0
30.048294592290844
9.0
3067.0
3661.0
30.08225891414412
19.0
3128.0
3184.0
30.09306222062381
6.0
2913.0
3305.0
30.106502481428155
9.0
3318.0
3657.0
30.1485121688582
10.0
3239.0
3576.0
30.17104567433124
10.0
3400.0
3548.0
30.20680458647959
11.0
3209.0
3634.0
30.210551452670614
13.0
3224.0
3297.0
30.221078965095014
10.0
3375.0
3628.0
30.236234438313666
12.0
3472.0
3505.0
30.237936365576886
6.0
3422.0
3531.0
30.25625746421477
11.0
3192.0
3525.0
30.262477665088788
9.0
3432.0
3547.0
30.27006616703929
16.0
2371.0
3302.0
30.285286510910726
6.0
3065.0
3611.0
30.28671271447098
12.0
3160.0
3427.0
30.317268258507383
8.0
3416.0
3467.0
30.326686036173093
13.0
3202.0
3313.0
30.417762751277287
13.0
3331.0
3459.0
30.456915775914215
16.0
3183.0
3560.0
30.472411613901233
9.0
3220.0
3651.0
30.484755697112114
10.0
3350.0
3485.0
30.50952962206429
7.0
3257.0
3294.0
30.518288753214563
8.0
3267.0
3454.0
30.549549912092665
8.0
3497.0
3509.0
30.57174456184723
12.0
3090.0
3660.0
30.601449200273517
10.0
3414.0
3464.0
30.63846310362945
10.0
3449.0
3503.0
30.67593911398941
11.0
3424.0
3620.0
30.70784309322804
16.0
3429.0
3583.0
30.735194414752584
19.0
3227.0
3319.0
30.743622747693856
11.0
3574.0
3655.0
30.743712954056434
9.0
3233.0
3409.0
30.783494880516365
11.0
3476.0
3647.0
30.8141585933002
10.0
2935.0
3658.0
30.858960265788923
11.0
3385.0
3618.0
30.87992139058236
26.0
3110.0
3293.0
30.89286809187457
6.0
3304.0
3518.0
30.897844267619526
16.0
3530.0
3715.0
30.905301860631592
17.0
3438.0
3523.0
30.920001295828474
12.0
3360.0
3419.0
30.948340533781128
12.0
3310.0
3683.0
30.96648081450578
15.0
3351.0
3537.0
30.96828305025102
6.0
3552.0
3642.0
30.985044688922205
11.0
2957.0
3428.0
31.080917525181377
13.0
3462.0
3541.0
31.11947861381453
14.0
3656.0
3718.0
31.134333252279227
19.0
3326.0
3412.0
31.238777312338332
12.0
3402.0
3626.0
31.30084803578515
14.0
3595.0
3602.0
31.303528189581158
13.0
3125.0
3659.0
31.311121903392895
14.0
3561.0
3669.0
31.32111702824788
23.0
3399.0
3502.0
31.34363126939998
13.0
3339.0
3508.0
31.351540811542215
11.0
3320.0
3726.0
31.38626351627519
12.0
3237.0
3543.0
31.411306934542157
12.0
3384.0
3649.0
31.44420578859507
12.0
3580.0
3605.0
31.45900614327909
18.0
3455.0
3645.0
31.47351354546374
15.0
3341.0
3563.0
31.48925702684918
8.0
3584.0
3679.0
31.5332156716408
26.0
3598.0
3725.0
31.543078429944156
16.0
3573.0
3665.0
31.5877410751724
16.0
3126.0
3388.0
31.631135153034492
10.0
3527.0
3639.0
31.654236211968517
14.0
3056.0
3556.0
31.689353503171667
13.0
3407.0
3483.0
31.73195854376391
9.0
3621.0
3627.0
31.748928168534356
13.0
3439.0
3700.0
31.78796156744438
18.0
3254.0
3594.0
31.80857759025647
9.0
3512.0
3535.0
31.812124558017786
13.0
3481.0
3570.0
31.83181766564663
14.0
3499.0
3735.0
31.84313188712791
16.0
3648.0
3666.0
31.856265640792053
17.0
3256.0
3755.0
31.884402159878572
17.0
3330.0
3717.0
31.97099532435555
19.0
3379.0
3629.0
31.985502703513394
9.0
3590.0
3650.0
31.992010261914466
18.0
3397.0
3405.0
32.02399243304388
8.0
3471.0
3704.0
32.19873608584945
18.0
3468.0
3741.0
32.22162220222051
19.0
3276.0
3501.0
32.286313877408375
11.0
3532.0
3766.0
32.33631706401449
20.0
3352.0
3615.0
32.36880193413732
9.0
3342.0
3600.0
32.39021389933892
10.0
3544.0
3632.0
32.462133029307374
13.0
3477.0
3506.0
32.50644758974254
13.0
3517.0
3771.0
32.55953222856095
35.0
3348.0
3756.0
32.56917586261218
18.0
3329.0
3765.0
32.589053405521305
17.0
3489.0
3687.0
32.632022206175634
16.0
3245.0
3668.0
32.67566824014409
14.0
3446.0
3559.0
32.71705391196607
17.0
3622.0
3682.0
32.73720109237955
16.0
3511.0
3689.0
32.74027256182801
18.0
3688.0
3733.0
32.77257890043416
15.0
3453.0
3555.0
32.794392815460576
9.0
3465.0
3708.0
32.84114838720999
15.0
3425.0
3568.0
32.86260368684394
10.0
3652.0
3685.0
32.88300916893208
24.0
3617.0
3742.0
32.96798251103032
13.0
3491.0
3714.0
32.97247345901984
18.0
3480.0
3540.0
33.011933438171845
11.0
3562.0
3596.0
33.02515253599255
17.0
3533.0
3751.0
33.03286730921783
18.0
3516.0
3667.0
33.08247898753872
13.0
3693.0
3758.0
33.086870413928054
20.0
3597.0
3713.0
33.11156172504293
17.0
3314.0
3510.0
33.11606581503057
7.0
3586.0
3599.0
33.14069065110379
11.0
3636.0
3710.0
33.180123640554925
14.0
3430.0
3587.0
33.207579393619945
20.0
3673.0
3770.0
33.23822576510791
13.0
3536.0
3550.0
33.29640392570291
10.0
3734.0
3737.0
33.3469994795188
18.0
3613.0
3796.0
33.37043040324112
18.0
3458.0
3461.0
33.3801744159303
18.0
3569.0
3676.0
33.48042501563573
14.0
3662.0
3674.0
33.51254482030146
23.0
3401.0
3748.0
33.529098969698964
22.0
3585.0
3791.0
33.547884015485714
29.0
3591.0
3788.0
33.644694181498686
28.0
3286.0
3702.0
33.68281430333801
11.0
3609.0
3781.0
33.75699790957842
19.0
3697.0
3701.0
33.84583152115645
19.0
3631.0
3675.0
33.85442564367738
17.0
3633.0
3761.0
33.96668188307109
23.0
3581.0
3654.0
33.99822281934653
15.0
3564.0
3738.0
34.022906830582095
17.0
3593.0
3635.0
34.04842264154322
21.0
3592.0
3801.0
34.1238555946196
25.0
3538.0
3777.0
34.153093059318245
15.0
3457.0
3603.0
34.15458828188524
11.0
3577.0
3664.0
34.1924972655194
12.0
3601.0
3795.0
34.2525253472773
15.0
3705.0
3798.0
34.28894266737659
45.0
3443.0
3759.0
34.29340418663587
20.0
3681.0
3720.0
34.31063688086378
13.0
3707.0
3730.0
34.323996340148994
17.0
3528.0
3637.0
34.404327061508965
18.0
3610.0
3764.0
34.72350304637187
18.0
3549.0
3608.0
34.742471648664655
13.0
3670.0
3780.0
34.827667636263534
20.0
3490.0
3703.0
34.82818834691466
15.0
3722.0
3799.0
34.85670490201224
27.0
3469.0
3792.0
34.873735450392225
19.0
3333.0
3694.0
34.903814162572296
15.0
3695.0
3852.0
35.02732565574266
24.0
3754.0
3833.0
35.047250654328096
22.0
3619.0
3803.0
35.07923730499892
27.0
3686.0
3842.0
35.19830614559725
21.0
3712.0
3731.0
35.22191298651533
16.0
3567.0
3789.0
35.30146818289698
12.0
3691.0
3775.0
35.33968131498878
24.0
3747.0
3811.0
35.36815729704744
19.0
3392.0
3808.0
35.40793745361737
23.0
3640.0
3745.0
35.65654181116712
17.0
3727.0
3840.0
35.69912065837836
34.0
3724.0
3844.0
35.70784333252002
18.0
3729.0
3846.0
35.71456996009327
61.0
3571.0
3728.0
35.735581273390274
22.0
3638.0
3782.0
35.76390045313169
19.0
3450.0
3744.0
36.023795175277
14.0
3653.0
3709.0
36.03685671888036
27.0
3625.0
3804.0
36.07461015044384
23.0
3641.0
3851.0
36.13714555382734
28.0
3746.0
3850.0
36.15006603109239
44.0
3572.0
3743.0
36.20142300016699
17.0
3716.0
3732.0
36.26263385799212
18.0
3643.0
3831.0
36.3009859542361
42.0
3663.0
3696.0
36.41186631805869
15.0
3534.0
3783.0
36.4554983407947
24.0
3672.0
3828.0
36.514082361587505
24.0
3753.0
3843.0
36.591230309955165
17.0
3604.0
3816.0
36.6770030172441
24.0
3757.0
3824.0
36.70685925020189
29.0
3579.0
3862.0
36.79909138296687
25.0
3624.0
3787.0
36.84996310449053
16.0
3719.0
3723.0
36.916923647008026
28.0
3612.0
3797.0
37.120233735713924
22.0
3671.0
3752.0
37.295982353299706
23.0
3778.0
3821.0
37.495487669803886
27.0
3776.0
3841.0
37.59630514329455
38.0
3749.0
3856.0
37.66987458872758
36.0
3794.0
3812.0
37.744849110751026
27.0
3644.0
3823.0
37.7713749546353
23.0
3739.0
3870.0
37.77446285264544
77.0
3692.0
3760.0
37.93791837564999
21.0
3690.0
3845.0
38.021546782274854
22.0
3800.0
3807.0
38.052960644215844
26.0
3711.0
3822.0
38.06460009301954
39.0
3772.0
3872.0
38.135520420024534
35.0
3684.0
3835.0
38.30475828141752
32.0
3677.0
3864.0
38.357872377149285
33.0
3786.0
3830.0
38.417914958842424
41.0
3784.0
3875.0
38.4420644111289
40.0
3740.0
3817.0
38.4593368132386
39.0
3678.0
3763.0
38.49116003564739
25.0
3809.0
3877.0
38.504828868056826
54.0
3837.0
3874.0
38.669060720288314
50.0
3805.0
3820.0
38.703808850218074
29.0
3769.0
3785.0
38.776500234496915
32.0
3721.0
3825.0
38.78419250443842
29.0
3866.0
3878.0
38.9295016176079
40.0
3699.0
3750.0
39.13968211063884
23.0
3847.0
3871.0
39.17561740701973
42.0
3680.0
3859.0
39.409567469503756
29.0
3774.0
3853.0
39.43847570918926
30.0
3838.0
3873.0
39.89861269626661
29.0
3860.0
3901.0
40.049016815755174
66.0
3813.0
3869.0
40.118140182504575
29.0
3588.0
3889.0
40.29081720345423
34.0
3819.0
3836.0
40.33481041918536
24.0
3879.0
3915.0
40.34094005747127
41.0
3832.0
3876.0
40.41354681451633
56.0
3706.0
3815.0
40.442323354543255
31.0
3790.0
3829.0
40.50194877610252
41.0
3582.0
3917.0
40.588922347276245
37.0
3854.0
3902.0
41.10907836056165
50.0
3839.0
3857.0
41.19872086368515
32.0
3698.0
3922.0
41.318322392946406
48.0
3768.0
3814.0
41.375745793042846
35.0
3849.0
3904.0
41.51318160566597
50.0
3773.0
3793.0
41.688823623229375
36.0
3818.0
3884.0
41.704326517221645
34.0
3736.0
3861.0
42.15249005932251
31.0
3762.0
3890.0
42.61475359061762
45.0
3810.0
3827.0
42.665148967458975
42.0
3896.0
3900.0
42.724287945619395
49.0
3806.0
3865.0
42.74985772760626
34.0
3834.0
3892.0
42.75931366013009
46.0
3905.0
3908.0
42.76970376508923
66.0
3903.0
3932.0
42.77374228928857
67.0
3868.0
3911.0
42.783566900493256
63.0
3767.0
3888.0
43.12073837798915
28.0
3826.0
3912.0
43.37914960978995
50.0
3848.0
3867.0
43.565727220437665
30.0
3916.0
3926.0
44.827664290568165
73.0
3919.0
3929.0
44.927537871522674
79.0
3882.0
3891.0
45.010460482049446
47.0
3863.0
3913.0
45.38731016345702
41.0
3858.0
3907.0
45.429084831449664
63.0
3906.0
3945.0
45.49483522969697
68.0
3802.0
3937.0
45.65083896102901
59.0
3914.0
3936.0
45.680225860508784
71.0
3894.0
3930.0
45.98304245927787
68.0
3887.0
3933.0
46.69041424141502
75.0
3897.0
3938.0
46.71958526974073
119.0
3881.0
3921.0
46.86340798518463
44.0
3899.0
3947.0
47.28660506725113
52.0
3779.0
3918.0
47.448424533591
48.0
3886.0
3931.0
47.638659276920464
77.0
3885.0
3943.0
47.66719080475475
91.0
3898.0
3955.0
47.84046124605696
92.0
3895.0
3923.0
48.568151775885525
51.0
3928.0
3951.0
49.35894364506662
78.0
3935.0
3957.0
49.448605351738216
109.0
3948.0
3963.0
50.02439124476629
164.0
3880.0
3909.0
50.584865624780456
96.0
3883.0
3941.0
50.77345357324066
70.0
3910.0
3934.0
51.32112929147
86.0
3939.0
3965.0
51.598254544842476
100.0
3944.0
3950.0
52.202646552942916
110.0
3855.0
3924.0
52.24536572470161
68.0
3893.0
3958.0
53.56177952403675
157.0
3942.0
3956.0
53.72462161023661
134.0
3927.0
3946.0
56.9937181456858
91.0
3920.0
3952.0
57.15011291351664
129.0
3949.0
3954.0
57.47657564383574
138.0
3925.0
3976.0
58.76063688031103
190.0
3953.0
3974.0
59.01202622871699
136.0
3969.0
3975.0
60.14403009272407
253.0
3959.0
3966.0
60.547431968459954
122.0
3960.0
3970.0
60.57128350215559
122.0
3940.0
3964.0
61.02567167197923
126.0
3972.0
3977.0
61.05806838811209
191.0
3961.0
3984.0
62.562986063764306
170.0
3967.0
3980.0
67.06390183557012
299.0
3968.0
3971.0
68.26825054050137
250.0
3973.0
3978.0
68.51286553071428
239.0
3962.0
3988.0
71.42974232514942
376.0
3986.0
3990.0
76.47075808786197
430.0
3981.0
3987.0
76.52491224654342
306.0
3985.0
3989.0
83.42750393078063
376.0
3979.0
3982.0
86.5700783376783
391.0
3991.0
3995.0
92.1704897469272
767.0
3992.0
3996.0
94.52392793807304
1197.0
3993.0
3994.0
107.52739794420795
682.0
3983.0
3997.0
114.3098065033189
1319.0
3998.0
3999.0
151.46382367995326
2001.0
