1614.0
1911.0
15.037393878908228
2.0
286.0
1776.0
15.057253749801797
2.0
416.0
821.0
15.370663662139103
2.0
488.0
1341.0
15.440626812407794
2.0
358.0
1191.0
15.475212525250114
2.0
186.0
575.0
15.481751273212659
2.0
1469.0
1637.0
15.490835941503365
2.0
52.0
843.0
15.52240037923391
2.0
828.0
1690.0
15.558239161179593
2.0
735.0
1221.0
15.576733019089922
2.0
104.0
1430.0
15.58294523492524
2.0
971.0
1970.0
15.604511220552064
2.0
959.0
1125.0
15.606109586043324
2.0
548.0
974.0
15.620717935148162
2.0
1438.0
1535.0
15.623472065368338
2.0
663.0
1771.0
15.656002067708522
2.0
32.0
444.0
15.67295063340479
2.0
47.0
542.0
15.674529345226127
2.0
1550.0
1941.0
15.684813845661994
2.0
799.0
1707.0
15.700428213799148
2.0
1245.0
1570.0
15.702539426602378
2.0
924.0
1704.0
15.71801150433281
2.0
1681.0
1856.0
15.729853805628982
2.0
755.0
951.0
15.76666669729434
2.0
166.0
1390.0
15.774350926467294
2.0
714.0
1639.0
15.780662899866513
2.0
12.0
1522.0
15.782378926378065
2.0
1296.0
1661.0
15.800891333483595
2.0
1372.0
1384.0
15.803880524017929
2.0
1095.0
1398.0
15.804315210448191
2.0
777.0
1346.0
15.819892695933062
2.0
38.0
1422.0
15.837323922990008
2.0
1616.0
1642.0
15.840020298272227
2.0
1455.0
2000.0
15.85174406358121
2.0
599.0
812.0
15.860578817233641
2.0
1526.0
1599.0
15.862520599860554
2.0
1002.0
1467.0
15.864055657636285
2.0
388.0
1008.0
15.864321035428983
2.0
1117.0
1198.0
15.869768197714292
2.0
509.0
1465.0
15.873319948805168
2.0
606.0
1138.0
15.874966329393903
2.0
1234.0
1310.0
15.877689627788403
2.0
1020.0
1446.0
15.882089902448458
2.0
316.0
708.0
15.88498465911508
2.0
1493.0
1519.0
15.886233647397
2.0
267.0
1211.0
15.890923900769105
2.0
240.0
1263.0
15.900431842732427
2.0
1368.0
1633.0
15.90319528451981
2.0
516.0
1450.0
15.904584661661026
2.0
625.0
891.0
15.908642384580787
2.0
1640.0
1721.0
15.909086456065841
2.0
1056.0
1489.0
15.91785521238461
2.0
626.0
1143.0
15.919339133736507
2.0
1204.0
1855.0
15.92462425399596
2.0
39.0
94.0
15.930250433213685
2.0
580.0
1187.0
15.941031569154243
2.0
537.0
584.0
15.946062306608539
2.0
481.0
1294.0
15.94755381758151
2.0
1598.0
1645.0
15.951931815877366
2.0
1093.0
1417.0
15.956510716456867
2.0
859.0
1579.0
15.958762397621356
2.0
554.0
1270.0
15.965579295965792
2.0
342.0
686.0
15.97037619479174
2.0
1423.0
1442.0
15.976132878964464
2.0
395.0
540.0
15.976597025303032
2.0
930.0
1112.0
15.979753606053173
2.0
529.0
825.0
15.982648342524215
2.0
1295.0
1414.0
15.997294642043368
2.0
193.0
466.0
16.001385322148955
2.0
246.0
692.0
16.00429444468791
2.0
86.0
795.0
16.008411616568427
2.0
886.0
1990.0
16.013953040447195
2.0
1447.0
1851.0
16.014798959005343
2.0
482.0
1982.0
16.016619448145086
2.0
1134.0
1748.0
16.02377636278728
2.0
69.0
970.0
16.026403258352882
2.0
995.0
1507.0
16.03072079464574
2.0
533.0
827.0
16.040972661564805
2.0
384.0
1573.0
16.04443003882106
2.0
1562.0
1936.0
16.05474589196554
2.0
154.0
804.0
16.058109280234437
2.0
273.0
1114.0
16.066448847200565
2.0
56.0
1154.0
16.068469104129644
2.0
989.0
1145.0
16.07322430608951
2.0
153.0
654.0
16.076565788151335
2.0
1366.0
1778.0
16.07906929972829
2.0
1039.0
1518.0
16.0815209604528
2.0
507.0
1837.0
16.081841418151825
2.0
1010.0
1212.0
16.08205077999933
2.0
684.0
1116.0
16.09021326142823
2.0
1230.0
1686.0
16.09586568063203
2.0
604.0
997.0
16.099989318990737
2.0
1098.0
1865.0
16.101804584589622
2.0
1486.0
1866.0
16.102130194610638
2.0
215.0
263.0
16.105766609202924
2.0
1074.0
1796.0
16.109806558168778
2.0
1255.0
1734.0
16.110873858327906
2.0
362.0
363.0
16.111893430037213
2.0
1307.0
1700.0
16.1125410087161
2.0
1089.0
1463.0
16.114286910140688
2.0
91.0
624.0
16.11589648435713
2.0
1494.0
1534.0
16.117167029945154
2.0
17.0
519.0
16.12471919302012
2.0
3.0
697.0
16.128712673076905
2.0
996.0
1680.0
16.12899669886595
2.0
458.0
1698.0
16.13673781291944
2.0
23.0
729.0
16.136802433401122
2.0
463.0
1693.0
16.146323689998464
2.0
558.0
987.0
16.14765935904943
2.0
531.0
1718.0
16.14834165130824
2.0
1046.0
1342.0
16.148477272471034
2.0
399.0
1261.0
16.15015474657151
2.0
969.0
1193.0
16.150927291481032
2.0
80.0
1791.0
16.151616754029455
2.0
155.0
1584.0
16.153354902739245
2.0
1151.0
1647.0
16.15496629014135
2.0
1123.0
1367.0
16.159958038720273
2.0
21.0
1279.0
16.171186415627318
2.0
1488.0
1790.0
16.172706037930794
2.0
1641.0
1891.0
16.17696527086995
2.0
432.0
698.0
16.177693798986677
2.0
630.0
1824.0
16.18013581226573
2.0
189.0
839.0
16.180666166912637
2.0
1133.0
1799.0
16.19428971456
2.0
1497.0
1809.0
16.20165762316509
2.0
13.0
491.0
16.20262730270103
2.0
462.0
1349.0
16.20478906486737
2.0
256.0
1781.0
16.208573650413626
2.0
111.0
1980.0
16.211741402920943
2.0
927.0
1953.0
16.211854743637087
2.0
998.0
1793.0
16.21293165783665
2.0
1532.0
1607.0
16.21409286640052
2.0
150.0
317.0
16.217005665708065
2.0
894.0
1624.0
16.219043691861902
2.0
1308.0
1829.0
16.22554807812906
2.0
1459.0
1947.0
16.226193981445906
2.0
452.0
1876.0
16.226521025206072
2.0
386.0
1801.0
16.228016152587916
2.0
441.0
640.0
16.232863518332497
2.0
879.0
1691.0
16.237143948363777
2.0
887.0
1803.0
16.238749230692182
2.0
6.0
1267.0
16.23944801077402
2.0
1559.0
1594.0
16.241718253290067
2.0
318.0
1537.0
16.242481707406785
2.0
559.0
1434.0
16.243867638078214
2.0
766.0
1440.0
16.243924132532957
2.0
29.0
107.0
16.250690201811043
2.0
556.0
618.0
16.25069579860515
2.0
305.0
916.0
16.251019831874107
2.0
778.0
1725.0
16.255181833601192
2.0
95.0
1605.0
16.25589882458693
2.0
1593.0
1753.0
16.25771452502387
2.0
437.0
1328.0
16.259629959977897
2.0
62.0
586.0
16.260443065133465
2.0
1058.0
1703.0
16.261327531293222
2.0
591.0
1491.0
16.262192890850123
2.0
241.0
471.0
16.264300369510863
2.0
749.0
1741.0
16.266760259627166
2.0
711.0
1314.0
16.267886563931473
2.0
398.0
1757.0
16.269573509781374
2.0
758.0
1389.0
16.2699132672166
2.0
955.0
1585.0
16.276345143021008
2.0
595.0
1072.0
16.2777402306674
2.0
1041.0
1222.0
16.280648932093406
2.0
144.0
1185.0
16.282853627225183
2.0
774.0
1664.0
16.284015173381285
2.0
127.0
1752.0
16.287145020466287
2.0
470.0
1923.0
16.2914726730683
2.0
545.0
1110.0
16.291986006873984
2.0
53.0
188.0
16.296998266814224
2.0
438.0
1860.0
16.297122767285874
2.0
244.0
2003.0
16.305687092001598
3.0
1835.0
1922.0
16.306531207131822
2.0
335.0
1780.0
16.306765226740666
2.0
24.0
1754.0
16.30854283584414
2.0
338.0
1504.0
16.312064963126303
2.0
195.0
1783.0
16.312965712163415
2.0
147.0
365.0
16.313574648673605
2.0
167.0
1548.0
16.314040664281553
2.0
767.0
1189.0
16.31569778974348
2.0
670.0
1049.0
16.317310117228846
2.0
427.0
468.0
16.317736688474263
2.0
1173.0
1955.0
16.319531741313497
2.0
383.0
854.0
16.319581864518245
2.0
20.0
960.0
16.321210912345528
2.0
292.0
1416.0
16.3228393333422
2.0
510.0
761.0
16.324937814121437
2.0
1109.0
1165.0
16.327078756518272
2.0
721.0
1756.0
16.333073243883277
2.0
196.0
567.0
16.337377789419616
2.0
190.0
341.0
16.340360590165226
2.0
113.0
649.0
16.34276685863567
2.0
139.0
1382.0
16.34823922247696
2.0
90.0
407.0
16.349779419486097
2.0
1514.0
1604.0
16.350496858888853
2.0
727.0
1043.0
16.3534324163392
2.0
161.0
593.0
16.356559335979973
2.0
853.0
909.0
16.363304989770196
2.0
63.0
421.0
16.363706490427038
2.0
555.0
747.0
16.3643969398188
2.0
948.0
1003.0
16.365604540810303
2.0
304.0
1544.0
16.36742546524922
2.0
355.0
2054.0
16.36988684036887
3.0
178.0
1662.0
16.374716521148617
2.0
809.0
1273.0
16.37516525967006
2.0
115.0
1364.0
16.377319163234535
2.0
122.0
1578.0
16.381657685074636
2.0
477.0
791.0
16.38187219615758
2.0
1473.0
1611.0
16.382754503132123
2.0
505.0
1552.0
16.383027165159056
2.0
109.0
787.0
16.38637085638602
2.0
158.0
1746.0
16.38981094000792
2.0
1163.0
1745.0
16.3958506883049
2.0
646.0
1309.0
16.401227460109826
2.0
40.0
247.0
16.401571783059694
2.0
322.0
1723.0
16.401877648249087
2.0
965.0
1429.0
16.405268184668365
2.0
938.0
1685.0
16.4058953303471
2.0
1393.0
1766.0
16.406143167321204
2.0
1492.0
1710.0
16.407052109595938
2.0
731.0
1475.0
16.41826689982557
2.0
330.0
1140.0
16.419584006360395
2.0
418.0
855.0
16.4235681173041
2.0
1377.0
1840.0
16.424077437853985
2.0
202.0
1402.0
16.42442682382852
2.0
807.0
832.0
16.425264103546358
2.0
1942.0
2102.0
16.42681335993621
3.0
266.0
1844.0
16.426955046722686
2.0
1223.0
1992.0
16.426961101326466
2.0
294.0
730.0
16.427119796640646
2.0
906.0
1084.0
16.427205492292877
2.0
1195.0
1958.0
16.427820580483672
2.0
952.0
1420.0
16.431567079155304
2.0
401.0
1208.0
16.43862501344641
2.0
901.0
1433.0
16.439040328629705
2.0
1510.0
1811.0
16.439363515945132
2.0
312.0
1717.0
16.439421606586812
2.0
5.0
339.0
16.440620458832495
2.0
54.0
1178.0
16.440802106189494
2.0
270.0
1375.0
16.443957483523324
2.0
707.0
1972.0
16.444587592888123
2.0
102.0
1399.0
16.44664258901187
2.0
265.0
1283.0
16.44739101358368
2.0
1291.0
1387.0
16.450653229792138
2.0
308.0
1541.0
16.45137998726803
2.0
918.0
1025.0
16.453231894378746
2.0
724.0
1257.0
16.455617367394613
2.0
415.0
601.0
16.455746962114123
2.0
1062.0
1181.0
16.45666782666206
2.0
314.0
1648.0
16.45690643756406
2.0
165.0
530.0
16.458087516550943
2.0
2.0
741.0
16.45812404937914
2.0
156.0
699.0
16.459532996881244
2.0
816.0
1644.0
16.46321071320798
2.0
797.0
2140.0
16.464432855848187
3.0
213.0
1088.0
16.464711706041534
2.0
474.0
1347.0
16.466515428154327
2.0
250.0
568.0
16.466784592452278
2.0
271.0
1841.0
16.470297533951463
2.0
64.0
1602.0
16.47461578506161
2.0
385.0
1931.0
16.475549289308226
2.0
319.0
1858.0
16.476705039091037
2.0
157.0
1934.0
16.47778554990324
2.0
835.0
1333.0
16.4823420033706
2.0
269.0
1478.0
16.484319718438346
2.0
143.0
1895.0
16.484877707193334
2.0
1028.0
1549.0
16.489220724416132
2.0
1009.0
1762.0
16.490258662885147
2.0
233.0
2186.0
16.49112497342659
3.0
411.0
1890.0
16.491790083422647
2.0
201.0
1456.0
16.49284932801302
2.0
963.0
1444.0
16.493891654181084
2.0
169.0
1715.0
16.494494246803992
2.0
422.0
1861.0
16.49461620365745
2.0
1672.0
1763.0
16.496394611878866
2.0
1476.0
1674.0
16.497354292296112
2.0
1036.0
1477.0
16.500637761272692
2.0
475.0
627.0
16.50064509269963
2.0
978.0
1239.0
16.50438258519756
2.0
35.0
366.0
16.50490041722768
2.0
324.0
750.0
16.505310815501872
2.0
953.0
1676.0
16.50590598164819
2.0
44.0
966.0
16.508271456491823
2.0
354.0
1076.0
16.50846191602346
2.0
337.0
1656.0
16.50959632952051
2.0
236.0
382.0
16.511116598888332
2.0
277.0
883.0
16.511800468347815
2.0
609.0
1695.0
16.515012496869595
2.0
617.0
1843.0
16.51577808860442
2.0
968.0
1126.0
16.51596141075526
2.0
506.0
622.0
16.51643014779427
2.0
734.0
1040.0
16.516876501983987
2.0
89.0
1260.0
16.521580772425448
2.0
958.0
1591.0
16.522096710269718
2.0
629.0
1520.0
16.523354544010182
2.0
37.0
874.0
16.523498678776146
2.0
429.0
528.0
16.526172870366402
2.0
1091.0
2141.0
16.52698122167382
3.0
476.0
483.0
16.52999764171241
2.0
1352.0
1795.0
16.531384639253613
2.0
356.0
915.0
16.533086291736105
2.0
170.0
1625.0
16.535519252157492
2.0
1005.0
1242.0
16.535789756766032
2.0
222.0
291.0
16.539452087172386
2.0
1024.0
1254.0
16.541848125958563
2.0
982.0
1702.0
16.54643880873136
2.0
1338.0
1694.0
16.547555576607454
2.0
260.0
1121.0
16.548768990372988
2.0
665.0
1884.0
16.55235445781088
2.0
1063.0
1119.0
16.557744964566318
2.0
1383.0
1755.0
16.55929535558871
2.0
1155.0
1524.0
16.559953445534894
2.0
179.0
1483.0
16.560828630531404
2.0
433.0
1315.0
16.561733873769445
2.0
119.0
1454.0
16.561826719946907
2.0
681.0
1285.0
16.56330632305677
2.0
66.0
1730.0
16.56437971799167
2.0
68.0
933.0
16.566946189375162
2.0
142.0
806.0
16.567328896743046
2.0
224.0
614.0
16.569321755952952
2.0
221.0
700.0
16.572048935063226
2.0
446.0
1827.0
16.572992011956448
2.0
813.0
2087.0
16.578754198467077
3.0
137.0
752.0
16.580688754503694
2.0
798.0
947.0
16.583167255147153
2.0
392.0
1079.0
16.58341077072526
2.0
242.0
424.0
16.584319473436636
2.0
744.0
1287.0
16.586846619406113
2.0
544.0
871.0
16.588102844809683
2.0
284.0
1007.0
16.58816678981482
2.0
631.0
1015.0
16.58964851145267
2.0
1775.0
1869.0
16.597479571307684
2.0
299.0
1716.0
16.598806814707725
2.0
912.0
1100.0
16.602691526375796
2.0
619.0
984.0
16.60311133088335
2.0
876.0
1457.0
16.604407501881354
2.0
403.0
1859.0
16.60728671992247
2.0
216.0
1224.0
16.60899097994073
2.0
239.0
326.0
16.610039768772566
2.0
141.0
1634.0
16.615568571879706
2.0
501.0
1177.0
16.620360121779473
2.0
125.0
566.0
16.620384720574954
2.0
93.0
1136.0
16.622581409229586
2.0
329.0
1956.0
16.6273549314109
2.0
259.0
842.0
16.62861111725704
2.0
772.0
1626.0
16.628650277957803
2.0
1092.0
1540.0
16.62930043076897
2.0
673.0
1243.0
16.629756333658865
2.0
417.0
898.0
16.629819347096088
2.0
964.0
1336.0
16.63042691941107
2.0
478.0
1229.0
16.633147717505338
2.0
227.0
1335.0
16.633878171484113
2.0
1577.0
1872.0
16.633971927811924
2.0
789.0
976.0
16.636400084747756
2.0
323.0
434.0
16.636992203112374
2.0
400.0
1248.0
16.638172955807917
2.0
67.0
928.0
16.641374093820893
2.0
61.0
1120.0
16.642518874818116
2.0
1397.0
1451.0
16.643256209108905
2.0
48.0
1303.0
16.644642852418063
2.0
848.0
1319.0
16.645155226337902
2.0
1453.0
1759.0
16.64550558061511
2.0
1464.0
1620.0
16.647468299612658
2.0
1268.0
1928.0
16.647982488578926
2.0
419.0
759.0
16.64854746481663
2.0
925.0
1517.0
16.649579897937553
2.0
1735.0
1961.0
16.650049620840132
2.0
561.0
1670.0
16.653049055014467
2.0
536.0
1601.0
16.655201064735564
2.0
1197.0
1606.0
16.65575260537823
2.0
410.0
790.0
16.657835309323616
2.0
374.0
680.0
16.659244667341913
2.0
775.0
1354.0
16.660739615298475
2.0
889.0
1654.0
16.66237853036277
2.0
830.0
1657.0
16.662958616244932
2.0
1269.0
1973.0
16.663017855342886
2.0
99.0
549.0
16.66312613027594
2.0
334.0
1233.0
16.66359960475319
2.0
1.0
406.0
16.663893927103388
2.0
430.0
1055.0
16.663983051006575
2.0
1236.0
1998.0
16.66405846171642
2.0
628.0
1147.0
16.664386728313175
2.0
251.0
991.0
16.664818749932856
2.0
942.0
1214.0
16.665937732039446
2.0
1073.0
1513.0
16.666697034840965
2.0
1536.0
1822.0
16.669662864774107
2.0
1225.0
1689.0
16.671885636823784
2.0
1137.0
1769.0
16.67294763756425
2.0
1424.0
1499.0
16.675707920961248
2.0
1227.0
2206.0
16.677064690077454
3.0
1571.0
1782.0
16.67777555861441
2.0
1728.0
1785.0
16.67786411834792
2.0
838.0
1381.0
16.67834123709067
2.0
763.0
2172.0
16.678558748747815
4.0
1363.0
1441.0
16.681569815251024
2.0
1128.0
1892.0
16.681776538553883
2.0
408.0
1280.0
16.68209224548539
2.0
184.0
1632.0
16.682996136789317
2.0
205.0
768.0
16.683632098243486
2.0
612.0
1304.0
16.684351539284805
2.0
287.0
720.0
16.68757617238165
2.0
1849.0
1978.0
16.69123212497556
2.0
397.0
980.0
16.691800904933118
2.0
361.0
1731.0
16.692644454852925
2.0
108.0
1391.0
16.69383682912011
2.0
583.0
805.0
16.69720932349492
2.0
837.0
1432.0
16.697755449663266
2.0
818.0
850.0
16.697782457836894
2.0
381.0
784.0
16.7007837562745
2.0
986.0
1938.0
16.701148307773067
2.0
503.0
2088.0
16.70175642020847
3.0
225.0
279.0
16.707322465768556
2.0
42.0
1332.0
16.708667916582804
2.0
872.0
1278.0
16.709086506273085
2.0
457.0
623.0
16.70927639863014
2.0
1149.0
1431.0
16.709582645169128
2.0
472.0
1792.0
16.710309044153213
2.0
1322.0
1636.0
16.710949786120757
2.0
675.0
1468.0
16.711642288698926
2.0
440.0
1276.0
16.713204297359244
2.0
493.0
1226.0
16.715205574839654
2.0
1646.0
1873.0
16.71607869743232
2.0
192.0
1449.0
16.72261810733828
2.0
1068.0
2185.0
16.722915249269168
3.0
112.0
864.0
16.724092252598666
2.0
1557.0
1667.0
16.729386660038525
2.0
281.0
950.0
16.730743751697588
2.0
258.0
1359.0
16.734380953697517
2.0
8.0
1157.0
16.7356588324271
2.0
696.0
713.0
16.736104527085317
2.0
78.0
1600.0
16.73624700504113
2.0
11.0
522.0
16.73775119379342
2.0
328.0
923.0
16.73844085780566
2.0
162.0
562.0
16.74050400353865
2.0
1127.0
1847.0
16.740605187664777
2.0
262.0
1027.0
16.74134696945333
2.0
1324.0
1325.0
16.742683164931496
2.0
594.0
689.0
16.744089664840683
2.0
479.0
936.0
16.746599176137828
2.0
298.0
1977.0
16.74678870967132
2.0
138.0
1826.0
16.747430510784394
2.0
1251.0
1553.0
16.749089236605478
2.0
1353.0
1358.0
16.749318293263663
2.0
712.0
1910.0
16.750237146322434
2.0
185.0
546.0
16.75113558131386
2.0
311.0
786.0
16.753271798460112
2.0
0.0
27.0
16.763346827102204
2.0
497.0
1200.0
16.765843925456632
2.0
404.0
647.0
16.766857732024793
2.0
587.0
1623.0
16.76759213475576
2.0
1158.0
1369.0
16.769000266993096
2.0
961.0
1976.0
16.7703389317904
2.0
1760.0
2107.0
16.77234990999538
3.0
309.0
2029.0
16.773592761391296
3.0
1037.0
1744.0
16.7746026687372
2.0
494.0
701.0
16.775925178688794
2.0
621.0
1425.0
16.777606107482935
2.0
495.0
1086.0
16.77994606792285
2.0
1458.0
1679.0
16.780806116452172
2.0
1542.0
2024.0
16.78234736152173
3.0
917.0
1764.0
16.783550048627475
2.0
1051.0
1401.0
16.784200679104977
2.0
659.0
1418.0
16.786432781378448
2.0
718.0
1284.0
16.79105132958312
2.0
1206.0
1427.0
16.79266173494893
2.0
50.0
2095.0
16.795102248219692
3.0
1356.0
1846.0
16.7963829930306
2.0
557.0
598.0
16.80288618332709
2.0
769.0
1012.0
16.805453456539638
2.0
288.0
1677.0
16.805593774968315
2.0
1139.0
1906.0
16.809326731187646
2.0
228.0
817.0
16.810149460778735
2.0
908.0
1877.0
16.810225190746397
2.0
302.0
1323.0
16.81100428683499
2.0
1215.0
1802.0
16.811523389359756
2.0
641.0
1344.0
16.812254306507455
2.0
425.0
1749.0
16.813680378433368
2.0
732.0
1103.0
16.818326077944736
2.0
547.0
1164.0
16.818460772936938
2.0
911.0
1410.0
16.819618001524365
2.0
844.0
1515.0
16.819802409003728
2.0
453.0
1596.0
16.820363340952504
2.0
1203.0
1501.0
16.820903441410522
2.0
655.0
921.0
16.822828535963442
2.0
1104.0
1673.0
16.82288069010794
2.0
690.0
1472.0
16.8247857041577
2.0
669.0
1807.0
16.826336327573678
2.0
875.0
1533.0
16.829628382951668
2.0
733.0
1963.0
16.830428813458045
2.0
459.0
764.0
16.831271851686772
2.0
1306.0
1738.0
16.831425544819016
2.0
134.0
1247.0
16.83157580408987
2.0
264.0
1653.0
16.831666576872014
2.0
563.0
1852.0
16.83182722001772
2.0
608.0
1810.0
16.836763271345006
2.0
245.0
1500.0
16.83686208645618
2.0
106.0
1047.0
16.83771236619658
2.0
682.0
1388.0
16.84233285522393
2.0
118.0
1943.0
16.842456899570667
2.0
1124.0
1205.0
16.842632369245013
2.0
14.0
379.0
16.84709258178265
2.0
736.0
1166.0
16.84766162926818
2.0
858.0
1863.0
16.850222892163522
2.0
975.0
1394.0
16.8525053745751
2.0
490.0
1035.0
16.853038416704546
2.0
442.0
1833.0
16.853060429503664
2.0
592.0
1925.0
16.854239486973928
2.0
895.0
2184.0
16.85431130278494
3.0
648.0
668.0
16.854411868487666
2.0
723.0
1800.0
16.855819459489414
2.0
564.0
746.0
16.858166693560765
2.0
450.0
676.0
16.85875479157702
2.0
261.0
643.0
16.860445567982197
2.0
473.0
590.0
16.861000934666283
2.0
230.0
1249.0
16.861430409344162
2.0
1583.0
1789.0
16.861477348693203
2.0
538.0
1379.0
16.862600067116936
2.0
849.0
1539.0
16.863278676515726
2.0
285.0
1582.0
16.863348485409738
2.0
204.0
1327.0
16.863384712523867
2.0
146.0
1569.0
16.863982510612146
2.0
22.0
1834.0
16.864614244734515
2.0
1188.0
1971.0
16.869043805263967
2.0
748.0
1655.0
16.869753084624325
2.0
632.0
1765.0
16.870619916541667
2.0
573.0
1044.0
16.87213577820596
2.0
84.0
2062.0
16.875131092197922
3.0
1094.0
1266.0
16.87567815280289
2.0
1426.0
1610.0
16.875732859723588
2.0
1487.0
1658.0
16.87716994737573
2.0
370.0
1797.0
16.880539519404827
2.0
73.0
1318.0
16.88088880619603
2.0
851.0
1558.0
16.8820782638983
2.0
550.0
1988.0
16.883259574866198
2.0
653.0
2048.0
16.883428817897705
3.0
977.0
985.0
16.8881629395401
2.0
1779.0
1814.0
16.89278663083847
2.0
492.0
638.0
16.89383709480153
2.0
103.0
1821.0
16.895813123161666
2.0
1386.0
1631.0
16.899060928485902
2.0
613.0
1920.0
16.903090613597865
2.0
585.0
728.0
16.903851163165534
2.0
1302.0
1929.0
16.90511244152437
2.0
378.0
644.0
16.908954730093647
2.0
451.0
904.0
16.91003598203511
2.0
377.0
597.0
16.910976325331795
2.0
823.0
1311.0
16.911151701063233
2.0
36.0
180.0
16.91370151941214
2.0
1742.0
1926.0
16.91747022450088
2.0
833.0
988.0
16.91804961421782
2.0
1021.0
1362.0
16.918719058209632
2.0
376.0
1991.0
16.920294733525402
2.0
101.0
409.0
16.92037286764569
2.0
502.0
1740.0
16.921734995882197
2.0
1396.0
1886.0
16.924078833110684
2.0
1316.0
1439.0
16.9241284266562
2.0
1545.0
1930.0
16.92434479225513
2.0
919.0
1817.0
16.926812446127947
2.0
660.0
1340.0
16.92686644755947
2.0
907.0
1498.0
16.929656580658428
2.0
553.0
1030.0
16.930103061247042
2.0
208.0
1921.0
16.93170195631357
2.0
642.0
783.0
16.933740963222114
2.0
315.0
1313.0
16.93452735187886
2.0
1482.0
1948.0
16.934641325153788
2.0
1168.0
2064.0
16.93587474286622
3.0
31.0
1118.0
16.937398734699887
2.0
55.0
1029.0
16.937950199233185
2.0
1156.0
1171.0
16.938377832030927
2.0
603.0
737.0
16.939054444145206
2.0
7.0
1566.0
16.939678626234947
2.0
1099.0
1643.0
16.941200554542345
2.0
1275.0
1823.0
16.941433384499636
2.0
658.0
1993.0
16.942868581485637
2.0
693.0
1905.0
16.94708195942418
2.0
656.0
1986.0
16.947970066480114
2.0
1000.0
1777.0
16.948420321556195
2.0
990.0
2050.0
16.949859549369428
3.0
1902.0
2123.0
16.950557987562913
3.0
182.0
1022.0
16.950922140766348
2.0
499.0
1277.0
16.951749663785012
2.0
1180.0
1871.0
16.95694679622213
2.0
43.0
234.0
16.957027444906295
2.0
426.0
1853.0
16.959273399409827
2.0
881.0
1883.0
16.960890723770657
2.0
1115.0
1503.0
16.961175786398165
2.0
1209.0
1365.0
16.96356999268104
2.0
709.0
967.0
16.964527345681667
2.0
57.0
160.0
16.966122590821655
2.0
1737.0
1747.0
16.966811322793596
2.0
994.0
1148.0
16.969749000913946
2.0
276.0
1404.0
16.97546971620125
2.0
187.0
581.0
16.975639542878252
2.0
303.0
2006.0
16.97932981084569
3.0
412.0
633.0
16.979391794166606
2.0
1337.0
1511.0
16.980486805378582
2.0
1612.0
1954.0
16.98367506785966
2.0
1768.0
2297.0
16.983974527006495
3.0
781.0
1818.0
16.987094055814026
2.0
173.0
1613.0
16.987338145435185
2.0
552.0
1436.0
16.98911359726224
2.0
520.0
1527.0
16.992120041048082
2.0
367.0
753.0
16.994153064748417
2.0
1179.0
1240.0
16.995687001280963
2.0
808.0
1668.0
16.995711620272495
2.0
1805.0
1839.0
16.995935642741827
2.0
152.0
512.0
16.996780595923145
2.0
899.0
1848.0
16.99768968276999
2.0
327.0
1706.0
16.999159872315985
2.0
588.0
1575.0
17.00105660760684
2.0
972.0
1220.0
17.00231221792082
2.0
1160.0
1246.0
17.007878639685558
2.0
1305.0
1409.0
17.009092297366486
2.0
231.0
1213.0
17.01023157833788
2.0
1480.0
2356.0
17.011919009203368
3.0
569.0
1006.0
17.013753351972273
2.0
248.0
770.0
17.014601521525975
2.0
191.0
1798.0
17.015139615451
2.0
1538.0
2405.0
17.01693452002883
3.0
325.0
892.0
17.017011852222478
2.0
695.0
1053.0
17.018974225016482
2.0
218.0
1150.0
17.020361548674995
2.0
956.0
1264.0
17.02161887891886
2.0
128.0
1964.0
17.022503934225302
2.0
1237.0
1415.0
17.025644099586493
2.0
703.0
1201.0
17.02779111367259
2.0
496.0
605.0
17.032789799431562
2.0
1107.0
2385.0
17.0336328081109
3.0
346.0
860.0
17.03645541316157
2.0
1017.0
1727.0
17.036462726917257
2.0
890.0
1629.0
17.03781340801856
2.0
532.0
792.0
17.04626785904511
2.0
293.0
500.0
17.048820387068048
2.0
1773.0
2073.0
17.0508105632375
3.0
206.0
1712.0
17.05424813680531
2.0
252.0
983.0
17.054401872494527
2.0
900.0
1530.0
17.054501349907454
2.0
18.0
1832.0
17.054661667021957
2.0
1301.0
1889.0
17.056391778404087
2.0
136.0
183.0
17.058391524065346
2.0
1097.0
2033.0
17.05956315778109
3.0
962.0
1699.0
17.05990052195431
2.0
105.0
297.0
17.06236605100151
2.0
306.0
896.0
17.064008418761084
2.0
1917.0
2307.0
17.068977943684438
3.0
1572.0
2283.0
17.07087478528361
3.0
796.0
811.0
17.07323202079764
2.0
85.0
1932.0
17.073280321605935
2.0
579.0
863.0
17.07565851682967
2.0
116.0
1878.0
17.079577011555596
2.0
829.0
1034.0
17.081013508960265
2.0
163.0
2223.0
17.084364613447644
3.0
140.0
2470.0
17.086003017894644
3.0
28.0
757.0
17.08801776711437
2.0
131.0
780.0
17.088515406125993
2.0
1077.0
1984.0
17.08930502617539
2.0
845.0
905.0
17.090267926812476
2.0
1732.0
1949.0
17.094488825627508
2.0
74.0
678.0
17.094631900198145
2.0
822.0
1050.0
17.099357595403145
2.0
754.0
1589.0
17.10006438589429
2.0
600.0
945.0
17.10046185017411
2.0
535.0
694.0
17.10223221125005
2.0
92.0
1186.0
17.102938267181433
2.0
211.0
719.0
17.103537982773627
2.0
715.0
1950.0
17.105812971796542
2.0
1090.0
2621.0
17.10709721337791
3.0
351.0
1521.0
17.109062796206373
2.0
209.0
1462.0
17.109457693839904
2.0
1736.0
2392.0
17.109794887856626
3.0
1317.0
1512.0
17.112431655251964
2.0
171.0
1067.0
17.11439261964191
2.0
336.0
926.0
17.116697688247758
2.0
454.0
1023.0
17.11713315306655
2.0
344.0
1952.0
17.117768269771535
2.0
1987.0
2174.0
17.118109772391257
3.0
1708.0
2258.0
17.119303394675047
3.0
1274.0
1995.0
17.119454548007173
2.0
565.0
1630.0
17.122466657457508
2.0
868.0
1854.0
17.122896679757915
2.0
254.0
1671.0
17.12548319268143
2.0
534.0
1997.0
17.128825089930963
2.0
513.0
877.0
17.130188083217526
2.0
484.0
577.0
17.130462084797102
2.0
611.0
652.0
17.1306454662743
2.0
114.0
2281.0
17.13074040730874
3.0
687.0
1343.0
17.13118129951429
2.0
1470.0
2215.0
17.13367210432239
3.0
841.0
1565.0
17.136481579091583
2.0
1879.0
2059.0
17.1370378981015
3.0
9.0
460.0
17.137287463820204
2.0
910.0
1437.0
17.140485479133538
2.0
525.0
717.0
17.147793454769378
2.0
1292.0
1815.0
17.147872698130005
2.0
885.0
931.0
17.147872924976735
2.0
831.0
1899.0
17.148493016649528
2.0
634.0
1183.0
17.148876247156828
2.0
826.0
1406.0
17.15478811096471
2.0
1075.0
2038.0
17.163924849058642
3.0
448.0
2472.0
17.164426545920232
3.0
70.0
685.0
17.16855788225412
2.0
25.0
2294.0
17.168848756005463
3.0
133.0
1831.0
17.171551212492915
2.0
1061.0
1619.0
17.173852046198313
2.0
1608.0
1682.0
17.174587771376256
2.0
372.0
1713.0
17.175898530300074
2.0
688.0
1329.0
17.178374947360798
2.0
357.0
672.0
17.17950571232184
2.0
1380.0
2182.0
17.179744408185833
3.0
1875.0
1974.0
17.181551942415926
2.0
1256.0
2197.0
17.182770192373546
3.0
1101.0
1603.0
17.183417221814768
2.0
1400.0
1564.0
17.187214108017514
2.0
1678.0
2207.0
17.189761346559933
3.0
480.0
2177.0
17.192923262402157
3.0
402.0
726.0
17.194015561935263
2.0
177.0
1297.0
17.194719190004903
2.0
282.0
596.0
17.19723800606488
2.0
420.0
706.0
17.19809131810328
2.0
1529.0
1774.0
17.199738652573917
2.0
295.0
1576.0
17.201841919699515
2.0
2121.0
2270.0
17.202201897204272
4.0
489.0
1281.0
17.207060137693936
2.0
4.0
760.0
17.207226526254832
2.0
1334.0
1864.0
17.209817528869813
2.0
679.0
935.0
17.21609805778662
2.0
801.0
1019.0
17.220954853674098
2.0
59.0
1066.0
17.221580210903763
2.0
636.0
2565.0
17.2223608099983
3.0
232.0
739.0
17.2237038617484
2.0
129.0
1192.0
17.223772619891754
2.0
464.0
572.0
17.23184493327809
2.0
576.0
979.0
17.2324232518795
2.0
765.0
2266.0
17.233242497765165
3.0
1502.0
1523.0
17.240291287350793
2.0
1232.0
1959.0
17.24148384131819
2.0
1265.0
1650.0
17.24169286875666
2.0
810.0
1032.0
17.253160472345385
2.0
486.0
1946.0
17.254183517407927
2.0
126.0
1617.0
17.260841928021655
2.0
1830.0
1896.0
17.260884911271535
2.0
1981.0
2668.0
17.261713921795266
3.0
1141.0
1392.0
17.261807989256784
2.0
944.0
2117.0
17.262231422133233
3.0
76.0
1452.0
17.265746158830574
2.0
1182.0
1874.0
17.266706864642572
2.0
1172.0
1312.0
17.267422121040976
2.0
1445.0
2148.0
17.270055667799628
3.0
771.0
2259.0
17.27102606175106
3.0
1330.0
1909.0
17.272767755698
2.0
121.0
862.0
17.27361373791563
2.0
589.0
1448.0
17.27367188924281
2.0
582.0
1060.0
17.276017029922723
2.0
517.0
1788.0
17.27770843211647
2.0
243.0
836.0
17.280036478784602
2.0
249.0
296.0
17.282190618748043
2.0
869.0
1290.0
17.282560286907312
2.0
33.0
393.0
17.284166803885935
2.0
83.0
2499.0
17.28421427422632
3.0
65.0
1751.0
17.287760912410555
2.0
467.0
571.0
17.288353958391735
2.0
1161.0
1370.0
17.289271699992486
2.0
922.0
2218.0
17.29089829896846
3.0
120.0
1996.0
17.29657568321599
2.0
1196.0
1885.0
17.2987930632753
2.0
1071.0
1288.0
17.29926239714137
2.0
779.0
794.0
17.29949201185585
2.0
1096.0
1808.0
17.3015360844341
2.0
1466.0
1761.0
17.301724338001236
2.0
1146.0
1219.0
17.304593992622976
2.0
465.0
1897.0
17.30644003384653
2.0
353.0
1767.0
17.309713339744924
2.0
1081.0
1711.0
17.31141718410481
2.0
345.0
1421.0
17.31192168637164
2.0
360.0
2101.0
17.3139018448116
3.0
867.0
1675.0
17.31577983933509
2.0
145.0
861.0
17.31839828611153
2.0
79.0
349.0
17.32341201294501
2.0
1031.0
1235.0
17.32954726752808
2.0
307.0
1413.0
17.33195651637675
2.0
431.0
742.0
17.333888813787055
2.0
1595.0
1888.0
17.33805470296407
2.0
1505.0
1692.0
17.34256301353943
2.0
785.0
1758.0
17.34291016597385
2.0
1597.0
1968.0
17.34313584526688
2.0
782.0
999.0
17.347225386967796
2.0
71.0
1587.0
17.35002161717356
2.0
343.0
1108.0
17.35014059436816
2.0
523.0
674.0
17.351518684032072
2.0
1016.0
1298.0
17.3525776424017
2.0
151.0
2437.0
17.35289871309424
3.0
1412.0
2180.0
17.356536828081556
3.0
683.0
2046.0
17.35728563451874
3.0
280.0
1862.0
17.358497859299064
2.0
199.0
1560.0
17.360748896069037
2.0
380.0
1836.0
17.361774423678355
2.0
235.0
1484.0
17.36558175872018
2.0
1282.0
1842.0
17.365866656889217
2.0
1258.0
1649.0
17.365943979680353
2.0
97.0
937.0
17.367221480613228
2.0
1331.0
2164.0
17.373740760078874
3.0
1135.0
2100.0
17.378931136623528
3.0
2201.0
2272.0
17.38095276882663
4.0
368.0
1253.0
17.38172041167515
2.0
949.0
1122.0
17.383360720230936
2.0
1289.0
1638.0
17.384142680359535
2.0
946.0
1850.0
17.389435478919246
2.0
340.0
773.0
17.391722549699747
2.0
283.0
1011.0
17.39213039825812
2.0
197.0
1129.0
17.39512926208517
2.0
175.0
352.0
17.397865133190457
2.0
1199.0
1719.0
17.400443965945268
2.0
1042.0
1321.0
17.400687084695505
2.0
993.0
2579.0
17.401044773887865
4.0
290.0
1228.0
17.401154993907344
2.0
110.0
1592.0
17.40228761065614
2.0
149.0
1355.0
17.406311351258818
2.0
1820.0
2016.0
17.4079738185591
3.0
1528.0
1609.0
17.410525795322805
2.0
515.0
934.0
17.412761109769683
2.0
615.0
1509.0
17.413339531667553
2.0
10.0
1360.0
17.41388697052418
2.0
1207.0
1940.0
17.413989604828494
2.0
1663.0
2149.0
17.41619755013452
3.0
1908.0
2250.0
17.418809715951674
3.0
1083.0
1887.0
17.420042838822635
2.0
1543.0
2634.0
17.42346202467117
4.0
75.0
2537.0
17.425845121201828
3.0
1130.0
1376.0
17.426329436287062
2.0
214.0
2047.0
17.42759986812641
3.0
456.0
2051.0
17.42909730551436
3.0
521.0
1170.0
17.431966378903237
2.0
857.0
1794.0
17.432126410622168
2.0
1983.0
2584.0
17.43301090451621
3.0
16.0
738.0
17.43392649899063
2.0
268.0
677.0
17.43408987888643
2.0
511.0
1684.0
17.43720438749382
2.0
1615.0
2120.0
17.437522398085235
3.0
1033.0
2257.0
17.440496744777047
3.0
439.0
1153.0
17.444232477130228
2.0
455.0
981.0
17.445649639484053
2.0
229.0
1132.0
17.450036447718208
2.0
255.0
1914.0
17.45339829975459
2.0
26.0
1907.0
17.455709284364595
2.0
1351.0
1845.0
17.4566575276114
2.0
1435.0
2366.0
17.45679209902132
3.0
661.0
2032.0
17.4578955953705
3.0
1144.0
2127.0
17.46024413196011
3.0
253.0
301.0
17.465415818061086
2.0
1162.0
2254.0
17.466895950542654
3.0
300.0
2624.0
17.472333487214293
3.0
461.0
2444.0
17.478476542505984
3.0
743.0
1152.0
17.479889013162254
2.0
725.0
2559.0
17.48021651475967
3.0
702.0
2443.0
17.481154112074
3.0
220.0
1743.0
17.48371202417016
2.0
574.0
1556.0
17.485867962044715
2.0
447.0
620.0
17.487157003150653
2.0
1787.0
2427.0
17.490857841880324
3.0
814.0
2528.0
17.49251097768927
3.0
238.0
940.0
17.494371104694995
2.0
310.0
943.0
17.499469260428526
2.0
428.0
635.0
17.501312376955557
2.0
954.0
1142.0
17.501773595093038
2.0
1590.0
2171.0
17.50300861672673
3.0
1054.0
1169.0
17.524467310224402
2.0
1561.0
2119.0
17.527876155438815
3.0
1403.0
1669.0
17.52834166660726
2.0
172.0
1231.0
17.530563456506748
2.0
740.0
1174.0
17.535644273790318
2.0
1262.0
1581.0
17.54225190685024
2.0
226.0
551.0
17.543657980118294
2.0
1989.0
2420.0
17.54438639761912
3.0
320.0
1696.0
17.548872032373428
2.0
435.0
1218.0
17.549435507042663
2.0
1705.0
2256.0
17.55094001765387
3.0
1293.0
2276.0
17.551514523759295
3.0
1175.0
1688.0
17.5539007675908
2.0
1018.0
1113.0
17.55468727428994
2.0
819.0
2229.0
17.5548122862442
3.0
1479.0
1635.0
17.556515718951825
2.0
543.0
1838.0
17.557279172160555
2.0
803.0
1259.0
17.55954988432364
2.0
168.0
1026.0
17.559835329653787
2.0
1059.0
1750.0
17.562333943355707
2.0
391.0
992.0
17.56261313642734
2.0
722.0
1919.0
17.56467551031309
2.0
1882.0
2739.0
17.566754830780138
3.0
1937.0
2395.0
17.5700680645127
3.0
650.0
1933.0
17.58193353993143
2.0
1167.0
2557.0
17.583050523884303
3.0
800.0
932.0
17.585792163106508
2.0
130.0
602.0
17.58850823456552
2.0
1546.0
2246.0
17.589460776839765
3.0
1772.0
2718.0
17.596091092480616
3.0
34.0
524.0
17.600405178470858
2.0
132.0
1004.0
17.60526032855333
2.0
1238.0
1724.0
17.6064237244255
2.0
527.0
1210.0
17.60707418393682
2.0
96.0
1374.0
17.60709043741101
2.0
1350.0
2531.0
17.609581481733695
3.0
1080.0
1806.0
17.61118464163132
2.0
514.0
1216.0
17.615491624613508
2.0
856.0
1975.0
17.61793186308242
2.0
570.0
903.0
17.61954364330472
2.0
920.0
2409.0
17.623756856207013
3.0
1471.0
1898.0
17.623864435311432
2.0
176.0
1979.0
17.624706509245733
2.0
1531.0
1588.0
17.62522009981708
2.0
30.0
1960.0
17.62645791229335
2.0
135.0
2282.0
17.626841003253087
3.0
541.0
852.0
17.627081515395208
2.0
194.0
1408.0
17.629126727592077
2.0
1069.0
1495.0
17.629296952667143
2.0
1927.0
2473.0
17.63030898887692
3.0
1913.0
2091.0
17.631224587181098
3.0
41.0
1881.0
17.637323140109668
2.0
396.0
645.0
17.643752866783924
2.0
1106.0
1870.0
17.64577182773588
2.0
1516.0
2864.0
17.649009186763305
3.0
275.0
449.0
17.650448739600556
2.0
58.0
1812.0
17.65651352901608
2.0
223.0
518.0
17.65940696071044
2.0
148.0
2019.0
17.669122299241785
3.0
578.0
616.0
17.672093015053893
2.0
1962.0
2077.0
17.67588511223658
3.0
939.0
2837.0
17.675949419910516
3.0
369.0
1443.0
17.678194375882903
2.0
348.0
662.0
17.678620342782054
2.0
1508.0
2467.0
17.679675896598603
3.0
1485.0
1915.0
17.680891371371118
2.0
1378.0
1918.0
17.687805779538547
2.0
1052.0
2322.0
17.69141648141593
3.0
941.0
1300.0
17.69287082259135
2.0
704.0
2027.0
17.697941300286228
3.0
2072.0
2826.0
17.69960079021964
4.0
664.0
1252.0
17.70399092893639
2.0
1660.0
1825.0
17.70579249356635
2.0
2012.0
2388.0
17.712385840908045
4.0
164.0
331.0
17.713915050545417
2.0
870.0
1967.0
17.72898564672424
2.0
373.0
1618.0
17.730698595099106
2.0
710.0
2539.0
17.732080925609086
3.0
2249.0
2337.0
17.741020092332505
4.0
469.0
2430.0
17.74693252462618
3.0
1547.0
2588.0
17.758429656629897
3.0
364.0
1709.0
17.75871373227054
2.0
207.0
237.0
17.76585294869633
2.0
846.0
1194.0
17.766165093840982
2.0
667.0
2023.0
17.770417404598692
3.0
2066.0
2338.0
17.770441381621733
4.0
2030.0
2866.0
17.776175573300975
4.0
117.0
2785.0
17.782245466203534
3.0
51.0
210.0
17.785480933371165
2.0
1568.0
2504.0
17.789409562551615
3.0
289.0
436.0
17.78947167490313
2.0
691.0
2247.0
17.794213583518403
3.0
217.0
2198.0
17.797531816435598
3.0
1901.0
2179.0
17.79986498329507
3.0
2124.0
2568.0
17.80100488816461
4.0
788.0
2352.0
17.803117636341256
3.0
1202.0
1880.0
17.8075508632255
2.0
124.0
1586.0
17.807723636299066
2.0
2075.0
2545.0
17.810102456722777
4.0
405.0
1733.0
17.81013763634908
2.0
390.0
1904.0
17.821132112451533
2.0
2089.0
2482.0
17.823169602518696
4.0
332.0
414.0
17.823913858680083
2.0
1176.0
1770.0
17.833060049389744
2.0
1659.0
2445.0
17.833176982509162
3.0
387.0
2348.0
17.835460778512058
3.0
716.0
1299.0
17.83651784893709
2.0
1729.0
1784.0
17.839736659964387
2.0
929.0
1064.0
17.840337370730612
2.0
1563.0
1939.0
17.84072688343748
2.0
15.0
1272.0
17.841764968577323
2.0
504.0
1102.0
17.847066629579302
2.0
637.0
2663.0
17.84776056654091
3.0
82.0
389.0
17.849470936608185
2.0
45.0
1419.0
17.851975714038037
2.0
485.0
793.0
17.852628584545325
2.0
2371.0
2433.0
17.853521516072977
4.0
181.0
1244.0
17.855118555425843
2.0
413.0
657.0
17.85770479830229
2.0
651.0
2694.0
17.858109899100143
3.0
539.0
2214.0
17.85817236103996
3.0
902.0
2306.0
17.85867490610938
3.0
1816.0
2681.0
17.861005389459212
3.0
884.0
2655.0
17.86354487960405
3.0
820.0
2706.0
17.865983711834108
3.0
1474.0
1867.0
17.86964148603165
2.0
1373.0
2573.0
17.88170266444622
3.0
1944.0
2818.0
17.88434178379314
4.0
957.0
2333.0
17.884406307440226
3.0
347.0
2014.0
17.8844369531049
3.0
1190.0
1945.0
17.886159323890553
2.0
2055.0
2613.0
17.887646486279472
4.0
212.0
2295.0
17.89027310290227
3.0
87.0
2277.0
17.89540478939427
3.0
1506.0
2384.0
17.896392536804612
3.0
98.0
371.0
17.901817929535337
2.0
2045.0
2411.0
17.9071987735618
5.0
834.0
2126.0
17.912308738658503
3.0
2078.0
2122.0
17.915850566037967
4.0
159.0
2452.0
17.919218444197238
3.0
2162.0
2359.0
17.921975260712035
4.0
443.0
1857.0
17.92205759362981
2.0
2132.0
2344.0
17.922403694831015
4.0
1407.0
2292.0
17.928824557639043
3.0
2056.0
2438.0
17.9317458304764
4.0
1627.0
2106.0
17.937181929381158
3.0
776.0
1087.0
17.937878820047686
2.0
1868.0
2649.0
17.944096419702728
3.0
1687.0
1924.0
17.947137143292654
2.0
198.0
1339.0
17.950189455413003
2.0
802.0
2245.0
17.953513770193027
3.0
1985.0
2161.0
17.960754756596653
3.0
1957.0
2832.0
17.97122243542645
3.0
1994.0
2519.0
17.97709535595567
3.0
1567.0
2740.0
17.97797147789151
3.0
1651.0
2454.0
17.98005762319035
4.0
2031.0
2235.0
17.984434597950877
4.0
72.0
2939.0
17.988499060579937
5.0
1965.0
2630.0
17.98906882676282
3.0
2313.0
2484.0
17.995555460413822
4.0
866.0
2261.0
17.99691725508982
3.0
2035.0
2431.0
18.001389736139032
4.0
1722.0
1900.0
18.003361964249535
2.0
526.0
2497.0
18.004616564642347
3.0
2262.0
2398.0
18.004806509674417
4.0
2005.0
2468.0
18.007970988450946
4.0
1666.0
2181.0
18.010025449649504
3.0
445.0
1371.0
18.012098420054816
2.0
1105.0
2479.0
18.016163915749235
3.0
60.0
313.0
18.016892126987134
2.0
394.0
2502.0
18.01723932145405
3.0
219.0
880.0
18.020804762556594
2.0
1286.0
2966.0
18.029343901552156
3.0
888.0
2523.0
18.030488130752946
3.0
350.0
2586.0
18.03559148331134
3.0
824.0
1131.0
18.044920518691963
2.0
560.0
2334.0
18.04630107165806
3.0
607.0
2794.0
18.04700149630011
3.0
1065.0
1345.0
18.04784071839471
2.0
1894.0
1966.0
18.060533060656283
2.0
2341.0
2417.0
18.060980803035395
4.0
2150.0
2216.0
18.065476853724103
4.0
1241.0
1951.0
18.08170871086307
2.0
1250.0
2684.0
18.082557946421687
3.0
671.0
2651.0
18.084417644611445
3.0
2090.0
2170.0
18.087628171885473
4.0
498.0
2275.0
18.093964652771067
3.0
1159.0
2364.0
18.095921192650184
3.0
1739.0
2726.0
18.10213856008418
3.0
123.0
2493.0
18.113409941844616
3.0
1082.0
1726.0
18.114892394724453
2.0
762.0
2715.0
18.115030616713394
4.0
1720.0
2354.0
18.116427982199454
3.0
1038.0
2081.0
18.11992468621397
3.0
2080.0
2674.0
18.12048724532039
4.0
1903.0
2580.0
18.12279184593853
3.0
1326.0
2512.0
18.128893780831586
3.0
815.0
1786.0
18.132049545103254
2.0
19.0
2890.0
18.137524385154897
3.0
77.0
2422.0
18.13898348201597
3.0
1574.0
2244.0
18.142505764539234
3.0
200.0
1490.0
18.150952556926324
2.0
333.0
2491.0
18.15691622903046
3.0
1385.0
2855.0
18.159760607790048
4.0
2176.0
2448.0
18.160377442405306
4.0
865.0
2496.0
18.164993359247386
3.0
2529.0
2772.0
18.174415662725036
4.0
2074.0
2219.0
18.175591660001327
4.0
2331.0
2561.0
18.17647478133108
4.0
2191.0
2761.0
18.177175530126036
4.0
1461.0
2204.0
18.201762409034885
3.0
756.0
1496.0
18.202584476910538
2.0
1045.0
2020.0
18.204153839173177
3.0
2070.0
2705.0
18.211160761231895
4.0
893.0
2597.0
18.213300277931527
3.0
2015.0
2870.0
18.21571294813411
4.0
2362.0
2692.0
18.218344226097
4.0
914.0
2887.0
18.2186483567473
3.0
2273.0
2429.0
18.22220687734781
4.0
2271.0
2611.0
18.223672102012006
4.0
1999.0
2156.0
18.234885123438374
3.0
321.0
2693.0
18.236377611201938
3.0
2231.0
2274.0
18.241243196819184
4.0
610.0
1085.0
18.243964145490196
2.0
2001.0
2490.0
18.245225434438026
4.0
1395.0
2138.0
18.254319970278292
3.0
2667.0
2973.0
18.25842374923088
5.0
2187.0
2622.0
18.2685067751027
4.0
913.0
1697.0
18.269045708085866
2.0
375.0
2464.0
18.27220667149746
3.0
174.0
1628.0
18.272245019762206
2.0
1460.0
2859.0
18.273663487886335
4.0
1893.0
1912.0
18.275892387221095
2.0
1551.0
2522.0
18.278013063186297
3.0
1057.0
2199.0
18.278389622462452
3.0
1481.0
2458.0
18.280919433366886
3.0
88.0
1621.0
18.28322510335387
2.0
2154.0
2381.0
18.293812380698128
4.0
1652.0
2661.0
18.29950173375034
3.0
1217.0
2096.0
18.29980099607723
3.0
639.0
1525.0
18.3024438899906
2.0
2378.0
2767.0
18.302922303564035
4.0
2308.0
2868.0
18.309198162474782
4.0
751.0
2501.0
18.31369850951366
3.0
2396.0
2644.0
18.316567978759924
4.0
203.0
2456.0
18.316575606356498
3.0
666.0
2789.0
18.316608066852332
3.0
81.0
2538.0
18.32001789555901
3.0
2200.0
2265.0
18.325772666810767
4.0
1184.0
2453.0
18.327823107300492
4.0
49.0
2571.0
18.331217115053374
3.0
1813.0
2587.0
18.33361971020765
3.0
1580.0
2754.0
18.334499332395254
3.0
2510.0
2532.0
18.340748527574593
4.0
2305.0
2862.0
18.352371731397515
4.0
2068.0
2533.0
18.35318222486922
4.0
1014.0
2189.0
18.3567794601788
3.0
1828.0
2232.0
18.357532237845913
3.0
2097.0
2133.0
18.36636008598272
4.0
897.0
1361.0
18.367339092789543
2.0
878.0
1111.0
18.371582811532292
2.0
2625.0
3017.0
18.37215840749436
5.0
847.0
2404.0
18.381917875692704
3.0
1714.0
2260.0
18.386572133747432
3.0
1701.0
2640.0
18.397939038632913
3.0
2173.0
2402.0
18.398705492303144
4.0
272.0
2669.0
18.40203231493382
3.0
1411.0
1622.0
18.404598370873188
2.0
2556.0
2746.0
18.404791232637592
4.0
2022.0
2779.0
18.411194235186993
4.0
2471.0
2560.0
18.417755861455685
4.0
2299.0
2753.0
18.420844073106174
4.0
1405.0
1555.0
18.428377463296428
2.0
2069.0
2659.0
18.432533557786865
4.0
278.0
2842.0
18.43621470484903
3.0
2028.0
2569.0
18.4491997781184
4.0
1271.0
2712.0
18.45240209740718
3.0
2233.0
2321.0
18.452688962262293
4.0
487.0
2134.0
18.453170950979302
3.0
2039.0
2544.0
18.45361643835388
4.0
2025.0
2426.0
18.456365061174058
4.0
46.0
2360.0
18.463457982441366
3.0
1935.0
2555.0
18.464225380405814
3.0
2477.0
2603.0
18.469471869511317
4.0
2330.0
3026.0
18.471056108989426
5.0
2034.0
2707.0
18.472193181138824
4.0
2195.0
2793.0
18.47341886926561
5.0
2367.0
2509.0
18.47409807029142
4.0
1428.0
1665.0
18.475380598549815
2.0
257.0
2242.0
18.475464142715477
3.0
2211.0
2480.0
18.480400987068368
4.0
2335.0
2940.0
18.49176963964476
4.0
2163.0
2285.0
18.492075329549706
4.0
2079.0
2253.0
18.494128617056866
4.0
1916.0
2061.0
18.502979818382844
3.0
2221.0
2342.0
18.507000476278677
4.0
2220.0
2589.0
18.509649471484323
4.0
2052.0
2938.0
18.509798632511973
4.0
2541.0
2883.0
18.5131891081426
4.0
2236.0
2474.0
18.51864325080531
4.0
508.0
2950.0
18.53184680645556
4.0
2239.0
2351.0
18.544653765007165
4.0
2577.0
2958.0
18.548912963168053
5.0
1320.0
1969.0
18.549388815995055
2.0
2210.0
2678.0
18.551696740001983
4.0
2758.0
2994.0
18.554516197910303
5.0
1804.0
2320.0
18.555702103592687
3.0
2058.0
2608.0
18.559128116290232
4.0
2238.0
2278.0
18.55960744434424
4.0
2136.0
2279.0
18.560136291407947
4.0
2118.0
2662.0
18.564988128404664
4.0
2553.0
2711.0
18.57039408531765
5.0
2243.0
2657.0
18.576152199608927
4.0
2489.0
2505.0
18.587671824435773
4.0
2143.0
2475.0
18.59143049916157
4.0
2086.0
2695.0
18.592976597172527
4.0
2128.0
2800.0
18.598891770559675
4.0
2248.0
2747.0
18.601789260936417
4.0
2656.0
2773.0
18.610574831071133
4.0
2010.0
2821.0
18.62568056069762
4.0
2287.0
2954.0
18.63013283765185
4.0
274.0
2732.0
18.633326388982873
3.0
2217.0
2572.0
18.633931005347453
4.0
873.0
2339.0
18.634168558738953
3.0
2441.0
2680.0
18.639948950877496
4.0
2325.0
2774.0
18.64405772676486
4.0
2112.0
2851.0
18.658059249400747
5.0
2679.0
2980.0
18.669865232448153
4.0
2492.0
2500.0
18.675966650605925
4.0
2643.0
2913.0
18.677202249917848
4.0
2103.0
3066.0
18.690656285165442
5.0
1348.0
2691.0
18.698605923349092
3.0
1001.0
2315.0
18.72348175855199
3.0
2798.0
3117.0
18.736926710664367
5.0
1048.0
2811.0
18.738450329792784
3.0
2152.0
3078.0
18.747700111893142
5.0
2037.0
2380.0
18.757663720337884
4.0
2595.0
2781.0
18.757756855082743
4.0
2202.0
2483.0
18.768993015696605
4.0
2158.0
3122.0
18.769036935553324
5.0
745.0
1070.0
18.77009181313037
2.0
2144.0
2462.0
18.77173509621846
4.0
2841.0
2910.0
18.782743750939094
4.0
2209.0
2617.0
18.783094279641986
4.0
2346.0
2979.0
18.786914831293487
4.0
2067.0
2738.0
18.794254078103407
4.0
2336.0
2632.0
18.797552029325537
4.0
2361.0
2805.0
18.81046374281294
4.0
2178.0
2918.0
18.814477179209597
4.0
2013.0
2642.0
18.818242273017322
4.0
2225.0
2552.0
18.829789348308687
4.0
2415.0
3053.0
18.83824957958383
5.0
2311.0
2783.0
18.839501018889933
4.0
2463.0
2620.0
18.84037820989876
4.0
2082.0
2817.0
18.84376779151553
4.0
2293.0
2416.0
18.847048714353306
4.0
2857.0
2909.0
18.847258837043707
4.0
1078.0
2614.0
18.84779314562739
3.0
2435.0
2461.0
18.84884637003283
4.0
2546.0
2576.0
18.854531726405945
4.0
100.0
2343.0
18.868323534724496
3.0
2506.0
2581.0
18.870367304751362
4.0
2383.0
2807.0
18.870759534231937
4.0
2113.0
2377.0
18.8739492747878
4.0
2447.0
2575.0
18.874735621369076
4.0
2065.0
2853.0
18.87481079416889
4.0
423.0
2094.0
18.875948210286037
3.0
2593.0
2996.0
18.87690808562181
4.0
2300.0
2928.0
18.876998965416075
4.0
882.0
2874.0
18.886211167662033
3.0
359.0
2671.0
18.886963879214797
3.0
2406.0
2520.0
18.889702201479686
4.0
2478.0
2968.0
18.893711753609505
4.0
2372.0
2637.0
18.900187827028343
4.0
2481.0
2731.0
18.901977599942978
4.0
2459.0
2941.0
18.90514872377473
4.0
2645.0
2790.0
18.90575622916295
5.0
2324.0
2677.0
18.90728488491421
5.0
2099.0
2401.0
18.92105506469565
4.0
2108.0
2721.0
18.921411865566537
4.0
2650.0
2814.0
18.921423427588316
6.0
2109.0
2619.0
18.933193238326822
5.0
2063.0
2469.0
18.946050746462152
4.0
2583.0
2875.0
18.94957969478869
4.0
2116.0
2750.0
18.9559530545413
4.0
2309.0
2835.0
18.95734517172252
4.0
2316.0
3029.0
18.95774723967449
5.0
2596.0
2929.0
18.963056202206992
4.0
2921.0
2971.0
18.969191222834734
5.0
2125.0
2547.0
18.97461170090006
4.0
2701.0
3028.0
18.974628125580043
4.0
2507.0
2743.0
18.975592987222036
4.0
2104.0
2157.0
18.981713926570713
4.0
2332.0
2808.0
18.98582885089497
4.0
2788.0
2942.0
18.99111646381848
4.0
2844.0
3183.0
18.993558893869213
6.0
2142.0
2193.0
18.99799619195878
4.0
2736.0
2884.0
18.998614990482853
4.0
2228.0
2549.0
19.00090107570768
4.0
2610.0
2670.0
19.006245041187356
5.0
2574.0
2627.0
19.00837597512889
4.0
2885.0
2961.0
19.011024690705504
5.0
2604.0
2757.0
19.012803288276128
4.0
2517.0
2717.0
19.01481267382763
4.0
2591.0
2858.0
19.016493434103666
4.0
2347.0
2771.0
19.021823703940978
4.0
2155.0
2698.0
19.025954439184677
4.0
2301.0
2386.0
19.026572237006498
4.0
2230.0
2535.0
19.027798732766144
5.0
1683.0
2969.0
19.04764523543558
3.0
1013.0
3077.0
19.04798135947823
3.0
2212.0
3155.0
19.049598326532447
5.0
2612.0
2848.0
19.052339676488558
5.0
2457.0
2733.0
19.05481393838413
4.0
2196.0
2494.0
19.055813898257753
4.0
2159.0
2673.0
19.057407430727476
4.0
2043.0
2813.0
19.065125923136765
4.0
2296.0
2799.0
19.07224241314547
4.0
2049.0
2382.0
19.07291599261165
4.0
2040.0
2932.0
19.076293177308596
4.0
2017.0
2485.0
19.07642114291499
4.0
2131.0
2812.0
19.076721669062582
4.0
2410.0
2570.0
19.088934876474774
4.0
2076.0
2413.0
19.088937024090917
4.0
2879.0
3245.0
19.0896531308488
6.0
2036.0
2222.0
19.105259320039906
4.0
2365.0
2816.0
19.109722069161347
4.0
2881.0
3034.0
19.11375596733634
5.0
2147.0
2418.0
19.114548710026188
4.0
2498.0
2795.0
19.118596918464895
4.0
2436.0
2786.0
19.12922629972761
4.0
2432.0
2762.0
19.14037507231685
4.0
2303.0
2765.0
19.147053946614733
4.0
2648.0
2865.0
19.148872091399557
5.0
2042.0
3001.0
19.151741225309614
4.0
2629.0
2756.0
19.160274187254785
4.0
2919.0
3007.0
19.160769065485983
4.0
2911.0
3095.0
19.162222797878282
6.0
2363.0
2927.0
19.164569348294773
5.0
2166.0
3005.0
19.166346258780155
5.0
2768.0
2912.0
19.16771969726063
4.0
2167.0
2349.0
19.17153277520734
4.0
2168.0
2636.0
19.17275411418663
4.0
2188.0
2982.0
19.179048019395836
6.0
2735.0
2946.0
19.18236725580533
5.0
2373.0
2518.0
19.18311591182294
4.0
2440.0
2745.0
19.18394831351228
4.0
2060.0
2503.0
19.18721570323991
4.0
2267.0
2830.0
19.18844021731598
5.0
2327.0
2646.0
19.19480295712083
5.0
2582.0
2784.0
19.19601763037108
4.0
2399.0
2845.0
19.196883172903686
4.0
2389.0
2558.0
19.20216694388113
4.0
2660.0
3063.0
19.204218805003944
4.0
2314.0
2723.0
19.205662795563843
4.0
2914.0
3025.0
19.205787643816855
6.0
2263.0
3089.0
19.210260906238073
4.0
2647.0
2922.0
19.21265214554473
4.0
2796.0
3162.0
19.213037029268637
6.0
2530.0
2676.0
19.217376045742974
5.0
973.0
2896.0
19.219288814044884
3.0
2160.0
2924.0
19.223763985645142
5.0
2345.0
2877.0
19.2245546675723
5.0
2563.0
2683.0
19.231118517819944
4.0
2145.0
2880.0
19.234895327459625
5.0
2289.0
2397.0
19.236213266582045
4.0
2525.0
2564.0
19.23970382852136
4.0
2562.0
2904.0
19.258038754230377
4.0
2616.0
2934.0
19.25920644911385
4.0
2370.0
2664.0
19.261012426837272
4.0
2534.0
2696.0
19.26495174219409
4.0
2375.0
2672.0
19.267531374163344
4.0
2387.0
2719.0
19.27535436063674
4.0
2115.0
2935.0
19.28617301092259
5.0
2139.0
2286.0
19.289546697260672
4.0
2780.0
2959.0
19.29877907193375
5.0
2727.0
2902.0
19.301313036036337
4.0
2585.0
3138.0
19.312097401726568
4.0
2777.0
2809.0
19.313920748839177
4.0
2720.0
3098.0
19.315135734703986
4.0
2083.0
3044.0
19.32414085478586
4.0
840.0
1357.0
19.325142251453894
2.0
2084.0
2829.0
19.329929827473237
4.0
2984.0
3099.0
19.34070557816396
5.0
2551.0
2802.0
19.34939325508263
5.0
2590.0
3206.0
19.350265727952866
4.0
2550.0
2685.0
19.353028689667994
4.0
705.0
2554.0
19.35736587286279
3.0
2872.0
3067.0
19.362762866472934
4.0
2092.0
2487.0
19.371022047225615
4.0
2755.0
2974.0
19.371249711538837
4.0
2224.0
2742.0
19.37799668655572
5.0
2098.0
3149.0
19.383573813666516
6.0
2806.0
3136.0
19.385968723793113
6.0
2350.0
3126.0
19.39191522906518
4.0
2787.0
3123.0
19.39463492073584
5.0
2408.0
2687.0
19.396659567791687
4.0
2328.0
2548.0
19.401648617591842
4.0
2213.0
2823.0
19.406593702365793
4.0
3043.0
3091.0
19.40699188460011
6.0
2153.0
2925.0
19.415034882841447
4.0
2194.0
2981.0
19.416992954743154
4.0
2776.0
3009.0
19.418900363399764
5.0
2317.0
3185.0
19.425200519340653
6.0
2488.0
2601.0
19.432759408735865
4.0
2129.0
3211.0
19.43482061161568
6.0
2526.0
2666.0
19.43527489008212
4.0
2446.0
2893.0
19.435539430100107
4.0
2085.0
2764.0
19.438195634392816
4.0
2425.0
3236.0
19.45313581153117
5.0
2255.0
2329.0
19.460396674908843
5.0
2421.0
2900.0
19.4643904778305
4.0
2450.0
2861.0
19.466888102373865
4.0
1819.0
2897.0
19.47304201736413
3.0
2318.0
3011.0
19.473074580481683
5.0
2697.0
3061.0
19.475764389010237
5.0
2639.0
2908.0
19.47697303699574
4.0
2451.0
2856.0
19.492553200203698
4.0
2340.0
3119.0
19.49398225810336
6.0
2071.0
2110.0
19.505501185218005
4.0
2312.0
2873.0
19.50670558470793
5.0
2635.0
2708.0
19.508546324438292
4.0
2190.0
2514.0
19.508684736215226
4.0
2699.0
3313.0
19.515136737258466
7.0
2192.0
2989.0
19.519851003498427
5.0
2578.0
2703.0
19.525243987396973
5.0
3154.0
3218.0
19.527915105411104
6.0
2252.0
2495.0
19.532684336167552
4.0
2355.0
2412.0
19.53273246136195
4.0
2093.0
2251.0
19.532848012237036
4.0
2135.0
2566.0
19.534978270487674
5.0
2009.0
2592.0
19.549695633610906
4.0
2820.0
2976.0
19.56513610362094
4.0
2053.0
3170.0
19.577614552384237
6.0
2130.0
2234.0
19.581540335759488
4.0
2521.0
2869.0
19.583435131123693
4.0
2770.0
3071.0
19.58536592548477
5.0
2977.0
3087.0
19.586358939665097
5.0
2208.0
3057.0
19.592027175174334
6.0
2658.0
3032.0
19.59726481644984
5.0
2871.0
3100.0
19.599496416500415
5.0
2403.0
2724.0
19.61387625886622
4.0
2713.0
3014.0
19.616336777482164
4.0
2833.0
3176.0
19.620196503062683
6.0
2280.0
2956.0
19.62043155070123
4.0
2424.0
2878.0
19.622127118795216
5.0
2304.0
3158.0
19.63695554860671
6.0
2018.0
2854.0
19.64118616884285
5.0
2021.0
2633.0
19.643925411791937
4.0
3058.0
3190.0
19.643981263038835
7.0
2379.0
3128.0
19.644526075463162
5.0
2905.0
3318.0
19.65449948393917
6.0
2710.0
3018.0
19.666802592197527
5.0
2623.0
2947.0
19.680127496738905
4.0
2822.0
3012.0
19.682421542597563
4.0
2423.0
2476.0
19.691486354799654
4.0
3035.0
3195.0
19.698138054418965
6.0
2240.0
2965.0
19.703534546855224
4.0
2810.0
3030.0
19.710141147592605
6.0
2466.0
2600.0
19.712062008008935
5.0
2368.0
3169.0
19.717252144506418
4.0
2391.0
3332.0
19.723216729100464
6.0
1554.0
3378.0
19.72570392048155
5.0
2151.0
2690.0
19.728344203214693
5.0
2465.0
2903.0
19.731537680476542
4.0
2284.0
2759.0
19.73165095147575
5.0
2819.0
2886.0
19.736750068007435
4.0
2801.0
2943.0
19.74033320833203
6.0
2751.0
2839.0
19.74772603381162
5.0
2609.0
2899.0
19.748271287827166
4.0
2442.0
3101.0
19.748563112483392
5.0
3079.0
3307.0
19.74877220583213
8.0
2728.0
2963.0
19.750457877260512
4.0
2775.0
3167.0
19.758091333502108
7.0
2205.0
2769.0
19.761388295331443
4.0
2057.0
2606.0
19.761730762840994
4.0
2369.0
2960.0
19.761852573169634
6.0
2449.0
3337.0
19.764454517643404
6.0
2486.0
2628.0
19.768938278390728
5.0
3096.0
3226.0
19.77225688266997
5.0
2291.0
3055.0
19.773942555675912
5.0
2175.0
2876.0
19.774062936384034
5.0
2165.0
2641.0
19.775475922143148
5.0
3134.0
3215.0
19.777399458337094
8.0
2716.0
3104.0
19.7959433378766
5.0
2916.0
3191.0
19.80661475977833
7.0
2288.0
3041.0
19.819938694460742
4.0
2863.0
2955.0
19.82127622146402
5.0
2439.0
2704.0
19.825164486396414
4.0
2169.0
2237.0
19.83115471689774
4.0
2002.0
3039.0
19.83124212834255
5.0
2302.0
3006.0
19.831678276315888
6.0
2836.0
3311.0
19.832921425003164
6.0
2455.0
2626.0
19.83646841539255
4.0
2882.0
3048.0
19.846966520079643
4.0
2766.0
3102.0
19.84861534084187
4.0
2004.0
2407.0
19.85766791283349
4.0
2319.0
2907.0
19.867598599559955
4.0
2414.0
3157.0
19.873163765676768
6.0
2268.0
3054.0
19.887308776760683
5.0
2993.0
3051.0
19.897249492602676
8.0
2515.0
2846.0
19.911440218331713
5.0
2567.0
3052.0
19.925918214680937
5.0
2357.0
2675.0
19.93207428841711
4.0
2524.0
3347.0
19.94098913536683
4.0
2599.0
3272.0
19.95248759696386
6.0
2652.0
2831.0
19.954306902015922
6.0
2933.0
3164.0
19.96295454892383
7.0
2400.0
3348.0
19.975666422935873
6.0
2607.0
3283.0
19.978086686275468
6.0
2949.0
2985.0
19.980969712952426
5.0
3037.0
3295.0
19.985379961397214
6.0
2542.0
2665.0
19.988403203907744
4.0
2326.0
3072.0
19.990614164291745
6.0
2931.0
3233.0
19.996461272054212
6.0
2930.0
3299.0
19.997632516752994
8.0
2008.0
3271.0
20.00321748905044
6.0
2682.0
2972.0
20.018114632934832
4.0
2428.0
3116.0
20.022665500929413
5.0
2594.0
3152.0
20.02571657812253
8.0
2752.0
3148.0
20.027131182503382
5.0
2114.0
2527.0
20.03884304360721
5.0
2011.0
2602.0
20.05483636455511
4.0
2986.0
3187.0
20.054967747400426
6.0
2007.0
3350.0
20.056741857221844
7.0
2631.0
2734.0
20.060359836282668
5.0
2434.0
3137.0
20.06138055210812
6.0
2923.0
3232.0
20.08084328914715
5.0
2374.0
3257.0
20.092257317084236
6.0
3002.0
3255.0
20.094230117227152
9.0
2543.0
3365.0
20.099164068018055
8.0
2353.0
2511.0
20.101607894331412
4.0
3131.0
3204.0
20.10393053343525
8.0
2898.0
3172.0
20.114109103032444
5.0
2598.0
2730.0
20.116991719740685
5.0
3159.0
3296.0
20.118187256240994
8.0
2957.0
3040.0
20.13624931926772
6.0
2737.0
3297.0
20.140848108032316
6.0
2618.0
3198.0
20.14923833058294
5.0
2741.0
3192.0
20.182893958430704
7.0
2419.0
3085.0
20.19285240185108
6.0
2983.0
3033.0
20.200319713038155
4.0
3024.0
3223.0
20.21604903863349
6.0
2978.0
3019.0
20.230722870676104
6.0
3000.0
3076.0
20.23342403750578
6.0
3047.0
3386.0
20.23821303551045
9.0
3161.0
3222.0
20.238482772849974
8.0
2936.0
3262.0
20.23938404792436
8.0
2605.0
2901.0
20.246237038825928
5.0
2892.0
3242.0
20.255082569695762
7.0
2323.0
3234.0
20.26316262588323
7.0
2804.0
3267.0
20.27838171184528
7.0
2926.0
3130.0
20.286887345372204
6.0
2044.0
3109.0
20.290986727315175
5.0
3084.0
3421.0
20.293439599930306
8.0
2226.0
3013.0
20.30093549639514
5.0
2782.0
2988.0
20.30136270242899
5.0
2137.0
3364.0
20.302457878903304
6.0
3143.0
3212.0
20.313982965459033
8.0
2460.0
3454.0
20.31558611492729
7.0
2722.0
3064.0
20.31690453257418
7.0
2111.0
2700.0
20.34109842862647
5.0
3280.0
3289.0
20.35089724939838
8.0
2725.0
2937.0
20.358259348353805
4.0
2970.0
3356.0
20.361330558357313
7.0
2967.0
3179.0
20.36974792137684
8.0
2516.0
3213.0
20.377231302412376
6.0
2183.0
2310.0
20.391457236730318
4.0
2513.0
3417.0
20.41155896040104
8.0
2749.0
2945.0
20.422315365668656
6.0
3027.0
3346.0
20.42644720858004
8.0
2146.0
2850.0
20.42739600129219
5.0
2241.0
3261.0
20.43515428860546
8.0
2849.0
3410.0
20.44528920070826
6.0
3015.0
3094.0
20.446290699641466
4.0
2999.0
3367.0
20.47141293631576
7.0
2290.0
3080.0
20.473619570944404
5.0
2944.0
3073.0
20.48184627525193
8.0
2840.0
2991.0
20.498091319922942
4.0
3046.0
3509.0
20.502622672709286
10.0
2394.0
2992.0
20.507351261019853
7.0
3178.0
3188.0
20.510056156172045
8.0
2298.0
3480.0
20.514813529320364
9.0
2778.0
2917.0
20.521507660298518
4.0
2824.0
2838.0
20.524591428811704
6.0
2358.0
3276.0
20.53470090477249
5.0
2376.0
2975.0
20.535517631446556
4.0
3010.0
3291.0
20.539118663412307
8.0
3031.0
3366.0
20.542013449929826
8.0
2689.0
3070.0
20.54386435882731
6.0
2948.0
3302.0
20.550433751893525
6.0
2041.0
2638.0
20.552379361660986
4.0
2536.0
3186.0
20.584861427250992
6.0
3068.0
3320.0
20.586657913257053
7.0
2760.0
3239.0
20.58832693416135
6.0
2797.0
2998.0
20.602224205487232
5.0
2393.0
3075.0
20.61115767068152
6.0
3230.0
3322.0
20.622399038254684
8.0
3144.0
3216.0
20.626504923935258
7.0
3090.0
3142.0
20.63438821792933
7.0
3106.0
3263.0
20.664030993332183
6.0
3045.0
3420.0
20.670725102866715
6.0
2815.0
3440.0
20.68143101226844
6.0
3235.0
3379.0
20.695882158197207
6.0
3146.0
3240.0
20.701255065193315
8.0
2269.0
3156.0
20.7027573497812
7.0
3059.0
3197.0
20.705660392740924
6.0
2654.0
3381.0
20.70800132636464
7.0
3115.0
3431.0
20.713430983112037
9.0
2894.0
3353.0
20.734921814039605
6.0
2843.0
3416.0
20.735727229396936
7.0
3342.0
3540.0
20.754316801169715
8.0
2825.0
3227.0
20.756362344719005
7.0
3062.0
3228.0
20.771889193339746
7.0
3153.0
3298.0
20.77702425124352
8.0
2951.0
3107.0
20.7793207450073
8.0
3139.0
3301.0
20.781824386497195
8.0
2227.0
2744.0
20.781965904531454
6.0
3275.0
3398.0
20.817391932923353
7.0
3114.0
3145.0
20.835926111798592
8.0
3266.0
3497.0
20.85491712659343
8.0
2653.0
3259.0
20.857159480421096
7.0
2026.0
3300.0
20.863965250266972
6.0
3103.0
3279.0
20.86561272646965
8.0
3388.0
3459.0
20.866246955580188
8.0
2895.0
3504.0
20.883183590234342
8.0
2688.0
3385.0
20.90712072741132
7.0
2860.0
3252.0
20.933642076335712
8.0
3050.0
3132.0
20.937661780126447
6.0
3360.0
3391.0
20.945322213457768
9.0
3008.0
3147.0
20.947864524155822
7.0
2203.0
3113.0
20.948567909634598
6.0
2952.0
3340.0
20.957002993477534
8.0
3278.0
3446.0
20.976004924642925
10.0
3478.0
3500.0
20.992604321478407
9.0
3065.0
3434.0
20.997938414678277
8.0
2390.0
3358.0
21.03148400184979
9.0
2803.0
3220.0
21.039337956497555
8.0
3049.0
3394.0
21.041087819229
7.0
3038.0
3182.0
21.0426083450685
7.0
2615.0
3412.0
21.044972171997607
9.0
3189.0
3389.0
21.051840170929243
10.0
2709.0
2729.0
21.057692329326184
6.0
3282.0
3484.0
21.0601305539272
9.0
3141.0
3175.0
21.06810401453562
8.0
3306.0
3407.0
21.071372066363708
8.0
3304.0
3557.0
21.072303000109084
9.0
3383.0
3435.0
21.08806680903144
8.0
3293.0
3474.0
21.090511073726656
11.0
2540.0
3351.0
21.09057918417189
6.0
2763.0
2834.0
21.11766250956478
6.0
3111.0
3160.0
21.11807872815378
6.0
3056.0
3264.0
21.12713240291041
6.0
2990.0
3083.0
21.141883472483403
6.0
3093.0
3451.0
21.165488452396925
11.0
3314.0
3447.0
21.169482208460604
10.0
2906.0
3165.0
21.18840473614181
7.0
3200.0
3247.0
21.22363796469523
8.0
3108.0
3433.0
21.236774949366108
10.0
3312.0
3514.0
21.239268634712964
9.0
2891.0
3338.0
21.240164361768315
7.0
3288.0
3425.0
21.242229589001944
9.0
3166.0
3469.0
21.246173661986525
8.0
3151.0
3397.0
21.248525233368607
8.0
2888.0
3319.0
21.25552002310375
7.0
3140.0
3556.0
21.273376775913807
9.0
3125.0
3326.0
21.27970131945884
5.0
3088.0
3533.0
21.28041549076586
8.0
3250.0
3251.0
21.310788038578913
8.0
2847.0
3201.0
21.32570311119609
8.0
2827.0
3180.0
21.328702265100365
8.0
3163.0
3392.0
21.346340969207514
10.0
3042.0
3324.0
21.359444128715968
9.0
2686.0
2889.0
21.372315276480112
6.0
3362.0
3616.0
21.392914275420942
10.0
3343.0
3344.0
21.39408429680053
8.0
3168.0
3174.0
21.43254386719592
9.0
3124.0
3525.0
21.45511952181564
11.0
2105.0
2792.0
21.4558134278547
5.0
3323.0
3644.0
21.471215394664142
9.0
3120.0
3372.0
21.486697853975
8.0
2915.0
3465.0
21.504975794846203
8.0
2828.0
3248.0
21.507359875487406
7.0
3150.0
3522.0
21.517742659910304
10.0
3069.0
3285.0
21.52069856494929
8.0
3036.0
3524.0
21.52337745632534
11.0
3219.0
3395.0
21.527906361468983
8.0
3292.0
3419.0
21.53253929270077
8.0
2953.0
3331.0
21.537150308768375
7.0
3021.0
3244.0
21.55172078273275
8.0
3308.0
3606.0
21.56110922987208
13.0
2264.0
3414.0
21.582028332714632
6.0
3112.0
3422.0
21.583865461660842
9.0
3133.0
3455.0
21.59148344012101
6.0
3202.0
3413.0
21.59197153036109
9.0
3406.0
3578.0
21.594640944495985
12.0
2962.0
3004.0
21.604236484215914
6.0
3003.0
3110.0
21.605414761181944
7.0
3270.0
3277.0
21.60691309030583
9.0
3529.0
3539.0
21.607180746141434
10.0
3092.0
3281.0
21.611760867834672
9.0
2987.0
3441.0
21.62136108201761
7.0
3229.0
3384.0
21.630169395534228
10.0
3181.0
3380.0
21.636146152733104
9.0
3224.0
3231.0
21.643859993102847
8.0
3022.0
3294.0
21.682395750042193
8.0
3020.0
3461.0
21.688246860209144
7.0
3121.0
3423.0
21.707556949747335
8.0
3426.0
3521.0
21.783172934498573
9.0
3316.0
3336.0
21.78507892337903
8.0
3074.0
3225.0
21.788776775592677
8.0
3363.0
3468.0
21.789360650611258
9.0
2748.0
3333.0
21.795127962736068
7.0
2852.0
3618.0
21.804538054664945
9.0
3303.0
3305.0
21.813949951995827
11.0
2714.0
3329.0
21.83098057604476
7.0
3081.0
3507.0
21.846592345051324
8.0
3209.0
3377.0
21.861063442616718
8.0
2997.0
3599.0
21.871605135257568
14.0
3184.0
3286.0
21.886666233457024
8.0
3371.0
3400.0
21.887473426054193
10.0
2964.0
3482.0
21.893953189898674
10.0
3393.0
3487.0
21.896418667868932
9.0
3060.0
3670.0
21.899457596424078
12.0
3290.0
3430.0
21.921006547801298
10.0
3334.0
3477.0
21.93307675528726
10.0
3399.0
3572.0
21.946929330582506
12.0
3129.0
3568.0
21.9748219106158
9.0
3583.0
3687.0
21.979288072786936
16.0
3105.0
3527.0
21.981167071041188
8.0
3265.0
3526.0
21.98543443175616
12.0
3273.0
3574.0
21.99212428887822
13.0
2867.0
3210.0
22.00283579396864
7.0
3082.0
3315.0
22.011964295443324
9.0
3335.0
3544.0
22.02202677076412
8.0
3359.0
3543.0
22.028163512495404
14.0
3171.0
3443.0
22.029075362362587
11.0
3376.0
3396.0
22.038374895528698
10.0
3207.0
3602.0
22.03982193179588
13.0
3436.0
3593.0
22.04918717203747
13.0
3194.0
3208.0
22.058220151523855
8.0
3486.0
3501.0
22.058626177735306
13.0
3173.0
3243.0
22.06849389651151
9.0
3452.0
3605.0
22.072961329765352
11.0
3127.0
3341.0
22.096373554632237
10.0
3193.0
3387.0
22.127063204107266
8.0
3327.0
3673.0
22.129012633914762
13.0
3374.0
3418.0
22.177637765167137
9.0
3408.0
3492.0
22.189836618455796
10.0
3238.0
3355.0
22.19057270507095
8.0
3401.0
3467.0
22.208547843259733
9.0
3493.0
3508.0
22.2094507417679
11.0
2791.0
3532.0
22.219867294238913
9.0
2702.0
3432.0
22.220667002373947
7.0
3370.0
3542.0
22.247917124628717
9.0
3260.0
3460.0
22.26352981336277
8.0
3409.0
3657.0
22.266884636938748
12.0
3310.0
3552.0
22.2708937557839
9.0
3214.0
3655.0
22.281850997014548
12.0
3016.0
3241.0
22.288020262560273
7.0
2508.0
3321.0
22.3031024075393
9.0
3097.0
3660.0
22.312792299105233
13.0
3448.0
3536.0
22.31662155920198
13.0
3317.0
3681.0
22.32355167282395
11.0
3444.0
3654.0
22.351409336337323
12.0
3438.0
3550.0
22.356949869158242
10.0
3256.0
3345.0
22.37748054047764
8.0
3458.0
3615.0
22.383946777675778
12.0
3349.0
3483.0
22.405629591657036
9.0
3429.0
3546.0
22.428131618993355
12.0
3411.0
3528.0
22.4337947504047
13.0
3354.0
3559.0
22.452000494592166
11.0
3403.0
3513.0
22.457403559119673
13.0
3118.0
3217.0
22.477052353623947
8.0
3428.0
3592.0
22.488737300522033
12.0
3268.0
3523.0
22.491174952697
10.0
3561.0
3701.0
22.502256094146986
19.0
3541.0
3560.0
22.538766735014274
13.0
3498.0
3587.0
22.543163544736505
15.0
3199.0
3328.0
22.54342140366384
10.0
3402.0
3453.0
22.555130606738047
10.0
3472.0
3499.0
22.628394097376027
11.0
3352.0
3570.0
22.652654304838396
12.0
3636.0
3711.0
22.65337386459564
16.0
3135.0
3547.0
22.682111358459153
12.0
3237.0
3253.0
22.741884841981626
8.0
3274.0
3330.0
22.755408331171502
10.0
3177.0
3696.0
22.762803479543056
17.0
3254.0
3471.0
22.7859856371216
11.0
2995.0
3530.0
22.788619462221682
10.0
2920.0
3221.0
22.81310483402276
7.0
3462.0
3710.0
22.83192312067687
14.0
3585.0
3653.0
22.846417203187578
16.0
3519.0
3567.0
22.881505942162175
11.0
3309.0
3631.0
22.89635310372884
15.0
3249.0
3549.0
22.914624268868973
8.0
3269.0
3677.0
22.918995095957744
13.0
3427.0
3562.0
22.924795265176506
12.0
3610.0
3724.0
22.931831081208845
20.0
3517.0
3686.0
22.95557371137215
17.0
3369.0
3424.0
22.95589982678633
12.0
3390.0
3506.0
22.959728458761205
11.0
3375.0
3637.0
22.964304197299327
15.0
3284.0
3325.0
22.9854918395132
9.0
3479.0
3632.0
22.99699319507339
11.0
3203.0
3683.0
22.99739262063269
12.0
3404.0
3666.0
23.074496197605463
15.0
3442.0
3505.0
23.08787630373118
13.0
3357.0
3470.0
23.10298597321114
9.0
3449.0
3534.0
23.15736502422124
16.0
3258.0
3545.0
23.17577210202692
14.0
3589.0
3617.0
23.22131919974197
14.0
3246.0
3439.0
23.2360834260303
13.0
3488.0
3624.0
23.31042996155503
14.0
3086.0
3679.0
23.317579838184752
12.0
3531.0
3551.0
23.324799566438763
13.0
3287.0
3563.0
23.379649566882296
12.0
3023.0
3664.0
23.383791967013764
14.0
3445.0
3565.0
23.409700293015117
12.0
3456.0
3554.0
23.41200972890954
13.0
3457.0
3537.0
23.41239823239497
11.0
3564.0
3714.0
23.417664322104308
17.0
3361.0
3405.0
23.422713083040495
10.0
3475.0
3555.0
23.449176544419203
12.0
3518.0
3659.0
23.45264938947625
12.0
3535.0
3558.0
23.458913042752933
12.0
3491.0
3603.0
23.490673291137302
13.0
3629.0
3674.0
23.517752459616293
17.0
3608.0
3682.0
23.521965665308286
14.0
3450.0
3676.0
23.534886456795885
13.0
3495.0
3643.0
23.55982482937859
20.0
3647.0
3672.0
23.59296361174815
15.0
3511.0
3639.0
23.634244723862814
15.0
3382.0
3573.0
23.63911774406153
11.0
3580.0
3586.0
23.661314764302904
16.0
3582.0
3667.0
23.677627717407198
15.0
3463.0
3613.0
23.68830506151037
12.0
3437.0
3799.0
23.71920912481091
19.0
3604.0
3698.0
23.720013148251844
14.0
3626.0
3669.0
23.741174353553717
16.0
3502.0
3688.0
23.744171324243975
15.0
3485.0
3703.0
23.76030325338138
18.0
3368.0
3566.0
23.762041904931106
11.0
3538.0
3650.0
23.763667118145523
16.0
3476.0
3614.0
23.766544786160825
16.0
3625.0
3662.0
23.78155396953773
15.0
3520.0
3576.0
23.790085923035168
15.0
3196.0
3756.0
23.88718117902149
12.0
3648.0
3665.0
23.900156024698077
17.0
3569.0
3619.0
23.904755344633372
12.0
3597.0
3685.0
24.002880343497853
14.0
3575.0
3594.0
24.009805514901412
12.0
3490.0
3767.0
24.019608454620457
18.0
3579.0
3671.0
24.03941122247045
15.0
3516.0
3807.0
24.043320551545307
25.0
3494.0
3595.0
24.061415328880194
15.0
3641.0
3723.0
24.062982505387538
17.0
3571.0
3581.0
24.069052152405217
15.0
3503.0
3635.0
24.07188908686874
14.0
3596.0
3700.0
24.079300899741053
15.0
3732.0
3754.0
24.139858472429562
19.0
3339.0
3634.0
24.158817167824004
13.0
3590.0
3781.0
24.185675477400903
21.0
3601.0
3695.0
24.19873755247641
16.0
3415.0
3734.0
24.20791913799533
16.0
3611.0
3645.0
24.211322179419327
17.0
3373.0
3652.0
24.261662050550715
12.0
3656.0
3742.0
24.264892515230223
32.0
3719.0
3739.0
24.32738800803411
15.0
3205.0
3489.0
24.35687834117982
11.0
3577.0
3630.0
24.437854207511503
15.0
3584.0
3640.0
24.451251056221633
17.0
3464.0
3718.0
24.48306799053977
15.0
3466.0
3628.0
24.501738590420032
16.0
3623.0
3722.0
24.524369117017816
20.0
3705.0
3728.0
24.537693608962886
26.0
3553.0
3699.0
24.562907667171366
17.0
3678.0
3713.0
24.628210533583285
16.0
3694.0
3782.0
24.646483048391268
28.0
3496.0
3715.0
24.727005930588017
16.0
3720.0
3820.0
24.810502939400426
34.0
3663.0
3702.0
24.855695055317746
18.0
3691.0
3755.0
24.878713150334725
20.0
3627.0
3741.0
24.88671024275759
19.0
3548.0
3721.0
24.89631966100997
17.0
3473.0
3600.0
24.897115739288132
16.0
3668.0
3804.0
24.934041339655504
24.0
3790.0
3835.0
24.94194752032481
23.0
3512.0
3621.0
24.997315132679795
18.0
3716.0
3758.0
25.08140051850975
25.0
3675.0
3808.0
25.091447611070624
19.0
3731.0
3810.0
25.105961260297985
26.0
3620.0
3752.0
25.133690880894875
21.0
3622.0
3747.0
25.16540220971659
18.0
3646.0
3708.0
25.189690138847475
17.0
3726.0
3762.0
25.22108958590736
22.0
3481.0
3792.0
25.29139779906591
21.0
3725.0
3817.0
25.310226208908063
19.0
3510.0
3777.0
25.47133900070551
20.0
3690.0
3836.0
25.54110000919194
25.0
3689.0
3793.0
25.569723117301223
29.0
3642.0
3786.0
25.621382011303666
20.0
3706.0
3748.0
25.692455577484143
20.0
3744.0
3764.0
25.747591313943992
35.0
3746.0
3783.0
25.834552287722055
24.0
3759.0
3831.0
25.84102101077965
28.0
3588.0
3737.0
25.86443948799761
17.0
3769.0
3787.0
25.870583126101554
26.0
3515.0
3684.0
25.91144934619149
21.0
3750.0
3794.0
25.914281565786506
26.0
3729.0
3765.0
25.92478197565918
28.0
3735.0
3753.0
25.9325699720279
29.0
3609.0
3853.0
25.97015026373575
32.0
3745.0
3848.0
26.071857783848582
30.0
3598.0
3829.0
26.102548087517068
24.0
3733.0
3779.0
26.132117987208897
26.0
3784.0
3791.0
26.184708652082833
24.0
3727.0
3736.0
26.21386753514843
26.0
3680.0
3839.0
26.22409229837762
27.0
3761.0
3825.0
26.233572873356025
23.0
3717.0
3760.0
26.23478969631277
26.0
3751.0
3778.0
26.289792336876847
21.0
3692.0
3772.0
26.291158642233555
27.0
3771.0
3851.0
26.34630912019627
28.0
3763.0
3850.0
26.34642492474898
29.0
3757.0
3849.0
26.349986421404477
33.0
3774.0
3837.0
26.35212517512368
26.0
3707.0
3852.0
26.403402423248224
37.0
3749.0
3812.0
26.409922498996885
31.0
3612.0
3638.0
26.484247245653826
18.0
3813.0
3847.0
26.528709971901577
30.0
3768.0
3809.0
26.669361885698244
31.0
3607.0
3843.0
26.780402525375404
26.0
3730.0
3775.0
26.80151490899595
28.0
3709.0
3826.0
26.917358287305234
30.0
3827.0
3832.0
26.920470049574895
25.0
3776.0
3797.0
26.990613497744885
29.0
3633.0
3789.0
27.01824229710451
20.0
3661.0
3743.0
27.05417115471572
25.0
3658.0
3823.0
27.058873742665135
24.0
3591.0
3859.0
27.09458162158886
26.0
3649.0
3802.0
27.20130629774878
22.0
3838.0
3842.0
27.225020073384123
32.0
3773.0
3795.0
27.23267165545286
26.0
3819.0
3824.0
27.361968249304045
29.0
3805.0
3881.0
27.364569828683564
42.0
3651.0
3770.0
27.432166840398647
22.0
3697.0
3874.0
27.62463246308347
34.0
3788.0
3854.0
27.73933426502072
28.0
3738.0
3863.0
27.81088951626808
32.0
3740.0
3834.0
27.811701716807484
27.0
3693.0
3892.0
27.84457447053932
35.0
3858.0
3887.0
27.87549934114947
42.0
3818.0
3830.0
27.921403123546852
34.0
3712.0
3888.0
27.932675760876148
40.0
3704.0
3856.0
28.078677340297574
32.0
3798.0
3903.0
28.17386291887561
35.0
3785.0
3828.0
28.21384675748297
34.0
3811.0
3872.0
28.234839903457402
32.0
3800.0
3906.0
28.293865144541922
42.0
3766.0
3796.0
28.341100889640867
32.0
3821.0
3868.0
28.3974695415774
35.0
3862.0
3898.0
28.55808643039962
47.0
3815.0
3895.0
28.570959098094676
30.0
3822.0
3864.0
28.706296370829733
37.0
3801.0
3871.0
28.871140665264093
43.0
3861.0
3904.0
28.900774049617333
47.0
3845.0
3870.0
29.132925186472445
40.0
3806.0
3855.0
29.31683024320857
40.0
3840.0
3873.0
29.449997572876367
46.0
3814.0
3907.0
29.558422007231183
39.0
3875.0
3894.0
29.603853620167662
57.0
3882.0
3899.0
29.700542124864615
52.0
3876.0
3922.0
30.00669726106216
63.0
3865.0
3909.0
30.16019590920261
51.0
3780.0
3917.0
30.523618119138828
47.0
3803.0
3879.0
30.594762304194244
49.0
3846.0
3866.0
30.605996390366855
63.0
3816.0
3921.0
30.608872148174274
46.0
3867.0
3923.0
30.69350867238331
54.0
3860.0
3884.0
30.711555650341072
44.0
3896.0
3914.0
30.72466592753986
58.0
3877.0
3890.0
30.902145932340503
58.0
3902.0
3924.0
30.944139341715047
61.0
3885.0
3889.0
31.0057396595541
51.0
3905.0
3927.0
31.090072020540614
59.0
3880.0
3942.0
31.15271217752218
73.0
3883.0
3897.0
31.29812617262015
57.0
3915.0
3950.0
31.327979001804668
83.0
3901.0
3910.0
31.404949177651037
54.0
3916.0
3944.0
31.49889953427686
73.0
3912.0
3928.0
31.52751254062688
69.0
3833.0
3918.0
31.557100639893847
74.0
3913.0
3936.0
31.573649929448134
73.0
3886.0
3893.0
32.60592631948728
63.0
3891.0
3911.0
32.62342501924173
75.0
3929.0
3930.0
32.79893138742771
67.0
3857.0
3945.0
32.80142196224639
80.0
3919.0
3933.0
33.3695710174438
74.0
3878.0
3932.0
33.55377154014698
79.0
3844.0
3900.0
33.948326041936284
58.0
3908.0
3925.0
33.955225412199454
74.0
3841.0
3935.0
34.1032062795694
72.0
3934.0
3951.0
34.432842866230956
99.0
3926.0
3955.0
34.4731534560171
86.0
3920.0
3953.0
34.62268272636438
97.0
3938.0
3941.0
34.90535494528887
99.0
3931.0
3960.0
35.26558035969061
106.0
3943.0
3946.0
35.645824504198146
107.0
3966.0
3968.0
35.833425693356745
130.0
3940.0
3965.0
36.19642358361954
130.0
3947.0
3971.0
36.624546610262705
155.0
3956.0
3959.0
36.729947032991035
146.0
3948.0
3957.0
36.905871130794345
127.0
3869.0
3961.0
37.03313260522257
110.0
3954.0
3973.0
37.80594221324865
189.0
3939.0
3963.0
38.047811719172834
143.0
3937.0
3972.0
38.80846423651653
156.0
3952.0
3970.0
39.50751998730167
159.0
3964.0
3969.0
40.24977161444429
173.0
3949.0
3984.0
40.33361459432953
220.0
3967.0
3974.0
40.76055785535088
181.0
3962.0
3983.0
41.18129162199006
223.0
3958.0
3982.0
41.911858727005104
217.0
3978.0
3980.0
43.771233311836355
256.0
3975.0
3988.0
45.15595404216807
353.0
3979.0
3990.0
46.68785689481719
383.0
3976.0
3986.0
48.975516456175356
350.0
3987.0
3989.0
48.9814138287114
398.0
3985.0
3992.0
49.6886216431873
556.0
3977.0
3994.0
55.28262394136752
553.0
3991.0
3993.0
56.47500115495136
703.0
3981.0
3995.0
58.7750726993934
745.0
3996.0
3997.0
63.50111944358374
1256.0
3998.0
3999.0
67.83620259857749
2001.0
