           6 -0.402944267    
           7  0.308687806    
           8  0.426187932    
           9   9.05252397E-02
          10  -9.18636471E-03
          11  0.552498877    
          12  0.593607247    
          13  0.237073421    
          14   5.99672794E-02
          15 -0.461688221    
          16 -0.662599921    
          17 -0.170745239    
          18   9.88387764E-02
          19  -2.02890337E-02
          20 -0.242885217    
          21 -0.490039766    
          22 -0.399184346    
          23  -1.17363930E-02
          24  0.184365630    
          25  0.401589036    
          26  0.929549575    
          27  0.669700265    
          28 -0.317481995    
          29 -0.317985535    
          30   4.03821468E-02
          31 -0.247514188    
          32 -0.289094239    
          33  -7.62676075E-03
          34 -0.157111719    
          35  -6.44379407E-02
          36  0.531836152    
          37  0.213957667    
          38 -0.524339139    
          39 -0.439336568    
          40 -0.247440785    
          41 -0.174599111    
          42  -2.45947242E-02
          43  0.176129162    
          44  0.228893518    
          45  0.159003258    
          46  0.139841378    
          47  -1.28051788E-02
          48 -0.174312755    
          49  -8.00226927E-02
          50  0.145729721    
          51  0.318590909    
          52  0.290851355    
          53  0.241058916    
          54   9.63072777E-02
          55 -0.418355823    
          56 -0.509952903    
          57 -0.241893470    
          58 -0.237233460    
          59 -0.245044708    
          60 -0.156160951    
          61  0.106033325    
          62  0.380082369    
          63  0.143581808    
          64  -3.25558186E-02
          65  0.181742966    
          66  0.415762097    
          67  0.337019056    
          68   7.23931789E-02
          69  0.204786241    
          70  0.611263216    
          71  0.118731022    
          72 -0.736660182    
          73 -0.637123942    
          74 -0.353744239    
          75 -0.266990274    
          76 -0.324640989    
          77 -0.240674138    
          78   2.80829668E-02
          79  0.326448202    
          80  0.489527375    
          81  0.622433960    
          82  0.456418186    
          83 -0.134396076    
          84 -0.480748385    
          85 -0.394747049    
          86 -0.249755919    
          87 -0.200205088    
          88 -0.219060242    
          89 -0.175087810    
          90  -2.75468826E-03
          91  0.201958477    
          92  0.265607655    
          93  0.392501056    
          94  0.620638371    
          95  0.368511379    
          96  0.175909162    
          97  0.317194581    
          98  0.761520863    
          99  0.674370766    
         100 -0.948499680    
         101  -1.43860483    
         102 -0.672868073    
         103 -0.157148451    
         104   9.14969444E-02
         105   1.82968080E-02
         106  0.229412600    
         107  0.259639323    
         108 -0.184542865    
         109 -0.343284130    
         110 -0.180471897    
         111 -0.109726310    
         112   8.76637697E-02
         113  0.365006834    
         114  0.291125476    
         115  0.398231328    
         116  0.439529985    
         117 -0.181563079    
         118 -0.283375740    
         119  0.334330738    
         120  0.308228076    
         121  -2.71584988E-02
         122  -3.95888686E-02
         123 -0.160642385    
         124   7.75462389E-02
         125  0.107051194    
         126 -0.414754570    
         127 -0.369879961    
         128 -0.312489837    
         129 -0.593765140    
         130 -0.355559170    
         131   4.45193052E-02
         132  0.407842875    
         133   1.09928679    
         134  0.677296758    
         135 -0.317924619    
         136 -0.178281963    
         137 -0.136629641    
         138 -0.288283587    
         139  0.212623522    
         140  0.224118680    
         141 -0.254858136    
         142 -0.365808487    
         143 -0.288096815    
         144  -2.45687366E-03
         145  0.276312560    
         146  0.457422704    
         147 -0.110243440    
         148 -0.614777327    
         149 -0.449215829    
         150 -0.131016254    
         151  0.558813691    
         152  0.743781149    
         153  0.241348386    
         154  0.418360412    
         155  0.209389329    
         156 -0.784261882    
         157 -0.821697474    
         158 -0.390114516    
         159 -0.399013042    
         160 -0.214054227    
         161  0.262046456    
         162  0.493314385    
         163  0.768782496    
         164   1.11874676    
         165 -0.126007438    
         166  -1.24051654    
         167 -0.851598382    
         168 -0.471391737    
         169  -2.81035900E-02
         170  0.515734673    
         171  0.769128442    
         172  0.621933877    
         173  0.414073288    
         174 -0.264950633    
         175 -0.754488111    
         176 -0.581267953    
         177 -0.395224154    
         178 -0.166024685    
         179  0.158051729    
         180  0.570047140    
         181  0.655788183    
         182  0.825237632    
         183  0.351019144    
         184 -0.676853180    
         185 -0.975295544    
         186 -0.728867650    
         187 -0.266271710    
         188  0.195661902    
         189  0.607245564    
         190  0.767071605    
         191  0.552533627    
         192 -0.120727062    
         193 -0.457487017    
         194 -0.487621069    
         195 -0.410765499    
         196  -9.82905626E-02
         197  0.371675014    
         198  0.155729264    
         199 -0.159138292    
         200  0.138656586    
         201  0.466063827    
         202   9.47846770E-02
         203 -0.449011922    
         204 -0.108592466    
         205   1.49266273E-02
         206 -0.198762029    
         207 -0.140520662    
         208   9.76830721E-03
         209 -0.140074253    
         210 -0.182602048    
         211   9.61214304E-02
         212   9.69842672E-02
         213   1.43325329E-03
         214  0.149919093    
         215  0.152363896    
         216   2.05287337E-02
         217   5.69305420E-02
         218  0.120488152    
         219   4.20078635E-02
         220  -3.37730050E-02
         221  -1.42697841E-02
         222   7.90392086E-02
         223  0.170086995    
         224 -0.162130713    
         225 -0.392224938    
         226 -0.156139016    
         227  -6.40347004E-02
         228 -0.152100205    
         229  -4.99022007E-03
         230  0.179392755    
         231  0.121985555    
         232  0.151821434    
         233  0.212994695    
         234   5.77953309E-02
         235 -0.211491898    
         236 -0.276378006    
         237  -7.98418522E-02
         238  0.243698776    
         239  0.472520202    
         240  0.549532056    
         241  0.584765911    
         242  -8.63673687E-02
         243 -0.844292581    
         244 -0.651530981    
         245 -0.160781473    
         246  0.311837405    
         247  0.395750731    
         248  0.221639723    
         249  0.200832576    
         250 -0.142170906    
         251 -0.412112802    
         252 -0.235704929    
         253 -0.101089478    
         254  -7.05011487E-02
         255  0.213627473    
         256  0.522262931    
         257  0.293214619    
         258  -2.19302177E-02
         259 -0.309037983    
         260 -0.638176084    
         261 -0.687068105    
         262 -0.387394190    
         263   9.98996496E-02
         264  0.358960390    
         265  0.203545213    
         266   8.18703175E-02
         267  0.159680009    
         268  0.336832047    
         269  0.483538985    
         270  0.169593871    
         271 -0.464481354    
         272 -0.508940876    
         273 -0.210852265    
         274  0.311767280    
         275  0.654619038    
         276  0.170524150    
         277  0.192451209    
         278  0.446182251    
         279 -0.159265995    
         280 -0.500592411    
         281 -0.199172094    
         282 -0.281299889    
         283 -0.428767294    
         284 -0.202723324    
         285 -0.255178690    
         286  -8.99174213E-02
         287  0.402870059    
         288  0.333876014    
         289  0.225647986    
         290  0.321832895    
         291   5.10504246E-02
         292 -0.287409782    
         293  -4.47898209E-02
         294   2.58564837E-02
         295 -0.250971794    
         296  -6.81638718E-02
         297  0.218416914    
         298  0.198570341    
         299  0.221329987    
         300  0.274358273    
         301   6.52326345E-02
         302  -4.03532386E-02
         303  0.293387532    
         304 -0.174208403    
         305 -0.684369504    
         306  -2.78719664E-02
         307  0.123907812    
         308  0.160254806    
         309  0.413165003    
         310 -0.257758856    
         311 -0.642908454    
         312 -0.118951529    
         313  0.461677015    
         314  0.413472503    
         315  -9.04520750E-02
         316 -0.272833437    
         317 -0.566230059    
         318 -0.594769359    
         319 -0.191346943    
         320   5.97748756E-02
         321  0.270380378    
         322  0.204532862    
         323 -0.134375989    
         324 -0.111941218    
         325  0.199566185    
         326  0.348370284    
         327  0.575590491    
         328   1.00256133    
         329  0.454728127    
         330 -0.693647265    
         331 -0.624680281    
         332  0.135794431    
         333  0.469894409    
         334  0.339814544    
         335 -0.225656152    
         336 -0.612931550    
         337 -0.283499956    
         338 -0.221648276    
         339 -0.332793444    
         340  -8.15210938E-02
         341  0.389173001    
         342  0.852691233    
         343 -0.121919036    
         344 -0.793389976    
         345   3.51615250E-03
         346  0.607812345    
         347  0.421834528    
         348 -0.446266204    
         349 -0.528076112    
         350   1.88175589E-02
         351  0.413774073    
         352  0.397054434    
         353  -6.38496876E-02
         354 -0.226802170    
         355 -0.451552570    
         356 -0.584256053    
         357 -0.320919871    
         358 -0.113412857    
         359   9.76723433E-02
         360  0.282291770    
         361  0.207304001    
         362  0.194960490    
         363  0.507697701    
         364  0.388690919    
         365 -0.176747799    
         366 -0.431460500    
         367 -0.363587588    
         368 -0.195905030    
         369   2.44317949E-02
         370  0.347969413    
         371  0.453793108    
         372  0.215247393    
         373 -0.476923645    
         374 -0.897312999    
         375 -0.361090362    
         376  0.132263303    
         377  0.207532167    
         378  0.159689426    
         379   4.17923927E-03
         380  -8.94473791E-02
         381  -1.07278824E-02
         382 -0.127720594    
         383  -9.77896452E-02
         384   2.85273790E-02
         385 -0.123239636    
         386 -0.131472468    
         387  0.120605707    
         388  0.368608057    
         389  0.631710649    
         390   1.03839004    
         391  0.974466443    
         392 -0.140159726    
         393 -0.897918224    
         394 -0.480591476    
         395 -0.295822203    
         396 -0.369623870    
         397   8.87046605E-02
         398  0.352809072    
         399  0.503414512    
         400  0.439746499    
         401 -0.248145521    
         402 -0.572690248    
         403 -0.556623638    
         404 -0.552658498    
         405 -0.399118721    
         406  -7.46608973E-02
         407  0.188432455    
         408  0.314590693    
         409  0.491308510    
         410  0.455374449    
         411  0.294424683    
         412  -2.35460103E-02
         413 -0.299374521    
         414 -0.352599204    
         415 -0.213319182    
         416   7.98122883E-02
         417  0.271584123    
         418  0.682124257    
         419  0.526180148    
         420 -0.329036832    
         421 -0.649591923    
         422 -0.420889497    
         423 -0.330782741    
         424  0.155500263    
         425  0.482092947    
         426  -5.91611601E-02
         427 -0.191035867    
         428 -0.127792060    
         429 -0.285163194    
         430 -0.276943982    
         431  -4.51865792E-02
         432  0.181531131    
         433  0.309750259    
         434  0.439175308    
         435  0.555160940    
         436  0.484205008    
         437   3.26142311E-02
         438 -0.524341941    
         439 -0.590097129    
         440 -0.295099050    
         441 -0.118097365    
         442   3.60292792E-02
         443 -0.132357657    
         444 -0.144727170    
         445  0.157909513    
         446  0.172542572    
         447   9.10724998E-02
         448  0.219106570    
         449  0.187412411    
         450  -2.61132121E-02
         451  -3.88293229E-02
         452  -6.89860135E-02
         453 -0.137488246    
         454 -0.100985691    
         455  -6.66765422E-02
         456 -0.135497063    
         457 -0.192645699    
         458 -0.142316937    
         459   1.60936117E-02
         460  0.106950462    
         461  0.199706554    
         462  0.350486755    
         463  0.178458840    
         464   4.70371991E-02
         465  0.374548763    
         466  0.434356660    
         467  0.121019602    
         468 -0.363121510    
         469 -0.645685136    
         470 -0.225299627    
         471  0.240975112    
         472  0.354611635    
         473  0.209373325    
         474 -0.116915792    
         475 -0.405032605    
         476 -0.452426046    
         477 -0.280049890    
         478   4.37821746E-02
         479  -1.53931975E-02
         480 -0.236321211    
         481   1.69497728E-03
         482  0.301048815    
         483  0.792917848    
         484  0.667640567    
         485  0.199843526    
         486  -3.89097929E-02
         487 -0.160087168    
         488  0.198328674    
         489  0.364194989    
         490  0.155683875    
         491 -0.218629718    
         492 -0.760901868    
         493  -1.02207160    
         494 -0.702033281    
         495 -0.243139505    
         496  0.133129597    
         497  0.623116016    
         498   1.07039702    
         499  0.554899335    
         500  -5.05423546E-03
         501  -7.73000717E-03
         502 -0.450514555    
         503 -0.537848771    
         504   4.23137099E-02
         505  -1.49982423E-02
         506 -0.215031981    
         507  0.232194513    
         508  0.576298714    
         509  0.552710295    
         510  0.404006243    
         511  0.165061951    
         512  0.161177635    
         513 -0.160026312    
         514 -0.448065758    
         515  -8.09391737E-02
         516  -2.72829533E-02
         517  -7.75662661E-02
         518  -6.46829605E-04
         519  0.119952202    
         520   3.69049311E-02
         521  -9.05665159E-02
         522  0.364996195    
         523  0.243501663    
         524 -0.642691970    
         525 -0.757812321    
         526 -0.251840115    
         527  0.310286462    
         528  0.136061430    
         529 -0.132718623    
         530  0.351694286    
         531  -5.49634695E-02
         532 -0.367980063    
         533   2.77822614E-02
         534 -0.114370912    
         535 -0.107699126    
         536  -2.72641480E-02
         537   1.26034021E-04
         538  0.191451907    
         539  0.219822824    
         540  0.195062399    
         541  0.501059175    
         542  0.252624035    
         543 -0.187545776    
         544   1.92618370E-02
         545 -0.141751528    
         546 -0.470556200    
         547 -0.247055233    
         548   8.63303542E-02
         549  0.283590496    
         550  0.417541742    
         551  0.109424591    
         552  -8.24311972E-02
         553  0.633381963    
         554  0.873155117    
         555  -5.14588356E-02
         556 -0.895925283    
         557  -1.34887338    
         558 -0.941800714    
         559 -0.174954712    
         560  0.242269099    
         561  0.232607305    
         562  0.232226670    
         563  0.384423852    
         564  0.149744809    
         565  0.266316891    
         566  0.827928305    
         567  0.581558704    
         568 -0.561573505    
         569 -0.412327051    
         570  0.551473141    
         571  0.205940008    
         572  -2.69644260E-02
         573  0.501365423    
         574  0.174451351    
         575 -0.302450657    
         576 -0.298876762    
         577  -1.00322306    
         578  -1.39358103    
         579 -0.734104812    
         580   3.25329304E-02
         581  0.440932155    
         582  0.257575214    
         583  0.406769991    
         584  0.773534060    
         585  0.105976641    
         586 -0.134923041    
         587  0.164735019    
         588  0.222493410    
         589   8.68570805E-02
         590 -0.450534940    
         591 -0.581146777    
         592 -0.405180573    
         593   6.72129542E-03
         594  0.201078922    
         595  -8.78224000E-02
