1	3	-9.99999978E-03
1	4	-9.99999978E-03
1	5	-9.99999978E-03
1	6	-9.99999978E-03
1	7	-9.99999978E-03
1	8	-9.99999978E-03
1	9	-9.99999978E-03
1	10	-9.99999978E-03
1	11	-9.99999978E-03
1	12	-9.99999978E-03
1	13	-9.99999978E-03
1	14	-9.99999978E-03
1	15	-9.99999978E-03
1	16	-9.99999978E-03
1	17	-9.99999978E-03
1	18	-9.99999978E-03
1	19	-9.99999978E-03
1	20	-9.99999978E-03
1	21	-9.99999978E-03
1	22	-9.99999978E-03
1	23	-9.99999978E-03
1	24	-9.99999978E-03
1	25	-9.99999978E-03
1	26	-9.99999978E-03
1	27	-9.99999978E-03
1	28	-9.99999978E-03
1	29	-9.99999978E-03
1	30	-9.99999978E-03
1	31	-9.99999978E-03
1	32	-9.99999978E-03
1	33	-9.99999978E-03
1	34	-9.99999978E-03
1	35	-9.99999978E-03
1	36	-9.99999978E-03
1	37	-9.99999978E-03
1	38	-9.99999978E-03
1	39	-9.99999978E-03
1	40	-9.99999978E-03
1	41	-9.99999978E-03
1	42	-9.99999978E-03
1	43	-9.99999978E-03
1	44	-9.99999978E-03
1	45	-9.99999978E-03
1	46	-9.99999978E-03
1	47	-9.99999978E-03
1	48	-9.99999978E-03
1	49	-9.99999978E-03
1	50	-9.99999978E-03
1	51	-9.99999978E-03
1	52	-9.99999978E-03
1	53	-9.99999978E-03
1	54	-9.99999978E-03
1	55	-9.99999978E-03
1	56	-9.99999978E-03
1	57	-9.99999978E-03
1	58	-9.99999978E-03
1	59	-9.99999978E-03
1	60	-9.99999978E-03
1	61	-9.99999978E-03
1	62	-9.99999978E-03
1	63	-9.99999978E-03
1	64	-9.99999978E-03
1	65	-9.99999978E-03
1	66	-9.99999978E-03
1	67	-9.99999978E-03
1	68	-9.99999978E-03
1	69	-9.99999978E-03
1	70	-9.99999978E-03
1	71	-9.99999978E-03
1	72	-9.99999978E-03
1	73	-9.99999978E-03
1	74	-9.99999978E-03
1	75	-9.99999978E-03
1	76	-9.99999978E-03
2	4	-9.99999978E-03
2	5	-9.99999978E-03
2	6	-9.99999978E-03
2	7	-9.99999978E-03
2	8	-9.99999978E-03
2	9	-9.99999978E-03
2	10	-9.99999978E-03
2	11	-9.99999978E-03
2	12	-9.99999978E-03
2	13	-9.99999978E-03
2	14	-9.99999978E-03
2	15	-9.99999978E-03
2	16	-9.99999978E-03
2	17	-9.99999978E-03
2	18	-9.99999978E-03
2	19	-9.99999978E-03
2	20	-9.99999978E-03
2	21	-9.99999978E-03
2	22	-9.99999978E-03
2	23	-9.99999978E-03
2	24	-9.99999978E-03
2	25	-9.99999978E-03
2	26	-9.99999978E-03
2	27	-9.99999978E-03
2	28	-9.99999978E-03
2	29	-9.99999978E-03
2	30	-9.99999978E-03
2	31	-9.99999978E-03
2	32	-9.99999978E-03
2	33	-9.99999978E-03
2	34	-9.99999978E-03
2	35	-9.99999978E-03
2	36	-9.99999978E-03
2	37	-9.99999978E-03
2	38	-9.99999978E-03
2	39	-9.99999978E-03
2	40	-9.99999978E-03
2	41	-9.99999978E-03
2	42	-9.99999978E-03
2	43	-9.99999978E-03
2	44	-9.99999978E-03
2	45	-9.99999978E-03
2	46	-9.99999978E-03
2	47	-9.99999978E-03
2	48	-9.99999978E-03
2	49	-9.99999978E-03
2	50	-9.99999978E-03
2	51	-9.99999978E-03
2	52	-9.99999978E-03
2	53	-9.99999978E-03
2	54	-9.99999978E-03
2	55	-9.99999978E-03
2	56	-9.99999978E-03
2	57	-9.99999978E-03
2	58	-9.99999978E-03
2	59	-9.99999978E-03
2	60	-9.99999978E-03
2	61	-9.99999978E-03
2	62	-9.99999978E-03
2	63	-9.99999978E-03
2	64	-9.99999978E-03
2	65	-9.99999978E-03
2	66	-9.99999978E-03
2	67	-9.99999978E-03
2	68	-9.99999978E-03
2	69	-9.99999978E-03
2	70	-9.99999978E-03
2	71	-9.99999978E-03
2	72	-9.99999978E-03
2	73	-9.99999978E-03
2	74	-9.99999978E-03
2	75	-9.99999978E-03
2	76	-9.99999978E-03
3	5	-9.99999978E-03
3	6	-9.99999978E-03
3	7	-9.99999978E-03
3	8	-9.99999978E-03
3	9	-9.99999978E-03
3	10	-9.99999978E-03
3	11	-9.99999978E-03
3	12	-9.99999978E-03
3	13	-9.99999978E-03
3	14	-9.99999978E-03
3	15	-9.99999978E-03
3	16	-9.99999978E-03
3	17	-9.99999978E-03
3	18	-9.99999978E-03
3	19	-9.99999978E-03
3	20	-9.99999978E-03
3	21	-9.99999978E-03
3	22	-9.99999978E-03
3	23	-9.99999978E-03
3	24	-9.99999978E-03
3	25	-9.99999978E-03
3	26	-9.99999978E-03
3	27	-9.99999978E-03
3	28	-9.99999978E-03
3	29	-9.99999978E-03
3	30	-9.99999978E-03
3	31	-9.99999978E-03
3	32	-9.99999978E-03
3	33	-9.99999978E-03
3	34	-9.99999978E-03
3	35	-9.99999978E-03
3	36	-9.99999978E-03
3	37	-9.99999978E-03
3	38	-9.99999978E-03
3	39	-9.99999978E-03
3	40	-9.99999978E-03
3	41	-9.99999978E-03
3	42	-9.99999978E-03
3	43	-9.99999978E-03
3	44	-9.99999978E-03
3	45	-9.99999978E-03
3	46	-9.99999978E-03
3	47	-9.99999978E-03
3	48	-9.99999978E-03
3	49	-9.99999978E-03
3	50	-9.99999978E-03
3	51	-9.99999978E-03
3	52	-9.99999978E-03
3	53	-9.99999978E-03
3	54	-9.99999978E-03
3	55	-9.99999978E-03
3	56	-9.99999978E-03
3	57	-9.99999978E-03
3	58	-9.99999978E-03
3	59	-9.99999978E-03
3	60	-9.99999978E-03
3	61	-9.99999978E-03
3	62	-9.99999978E-03
3	63	-9.99999978E-03
3	64	-9.99999978E-03
3	65	-9.99999978E-03
3	66	-9.99999978E-03
3	67	-9.99999978E-03
3	68	-9.99999978E-03
3	69	-9.99999978E-03
3	70	-9.99999978E-03
3	71	-9.99999978E-03
3	72	-9.99999978E-03
3	73	-9.99999978E-03
3	74	-9.99999978E-03
3	75	-9.99999978E-03
3	76	-9.99999978E-03
4	6	-9.99999978E-03
4	7	-9.99999978E-03
4	8	-9.99999978E-03
4	9	-9.99999978E-03
4	10	-9.99999978E-03
4	11	-9.99999978E-03
4	12	-9.99999978E-03
4	13	-9.99999978E-03
4	14	-9.99999978E-03
4	15	-9.99999978E-03
4	16	-9.99999978E-03
4	17	-9.99999978E-03
4	18	-9.99999978E-03
4	19	-9.99999978E-03
4	20	-9.99999978E-03
4	21	-9.99999978E-03
4	22	-9.99999978E-03
4	23	-9.99999978E-03
4	24	-9.99999978E-03
4	25	-9.99999978E-03
4	26	-9.99999978E-03
4	27	-9.99999978E-03
4	28	-9.99999978E-03
4	29	-9.99999978E-03
4	30	-9.99999978E-03
4	31	-9.99999978E-03
4	32	-9.99999978E-03
4	33	-9.99999978E-03
4	34	-9.99999978E-03
4	35	-9.99999978E-03
4	36	-9.99999978E-03
4	37	-9.99999978E-03
4	38	-9.99999978E-03
4	39	-9.99999978E-03
4	40	-9.99999978E-03
4	41	-9.99999978E-03
4	42	-9.99999978E-03
4	43	-9.99999978E-03
4	44	-9.99999978E-03
4	45	-9.99999978E-03
4	46	-9.99999978E-03
4	47	-9.99999978E-03
4	48	-9.99999978E-03
4	49	-9.99999978E-03
4	50	-9.99999978E-03
4	51	-9.99999978E-03
4	52	-9.99999978E-03
4	53	-9.99999978E-03
4	54	-9.99999978E-03
4	55	-9.99999978E-03
4	56	-9.99999978E-03
4	57	-9.99999978E-03
4	58	-9.99999978E-03
4	59	-9.99999978E-03
4	60	-9.99999978E-03
4	61	-9.99999978E-03
4	62	-9.99999978E-03
4	63	-9.99999978E-03
4	64	-9.99999978E-03
4	65	-9.99999978E-03
4	66	-9.99999978E-03
4	67	-9.99999978E-03
4	68	-9.99999978E-03
4	69	-9.99999978E-03
4	70	-9.99999978E-03
4	71	-9.99999978E-03
4	72	-9.99999978E-03
4	73	-9.99999978E-03
4	74	-9.99999978E-03
4	75	-9.99999978E-03
4	76	-9.99999978E-03
5	7	-9.99999978E-03
5	8	-9.99999978E-03
5	9	-9.99999978E-03
5	10	-9.99999978E-03
5	11	-9.99999978E-03
5	12	-9.99999978E-03
5	13	-9.99999978E-03
5	14	-9.99999978E-03
5	15	-9.99999978E-03
5	16	-9.99999978E-03
5	17	-9.99999978E-03
5	18	-9.99999978E-03
5	19	-9.99999978E-03
5	20	-9.99999978E-03
5	21	-9.99999978E-03
5	22	-9.99999978E-03
5	23	-9.99999978E-03
5	24	-9.99999978E-03
5	25	-9.99999978E-03
5	26	-9.99999978E-03
5	27	-9.99999978E-03
5	28	-9.99999978E-03
5	29	-9.99999978E-03
5	30	-9.99999978E-03
5	31	-9.99999978E-03
5	32	-9.99999978E-03
5	33	-9.99999978E-03
5	34	-9.99999978E-03
5	35	-9.99999978E-03
5	36	-9.99999978E-03
5	37	-9.99999978E-03
5	38	-9.99999978E-03
5	39	-9.99999978E-03
5	40	-9.99999978E-03
5	41	-9.99999978E-03
5	42	-9.99999978E-03
5	43	-9.99999978E-03
5	44	-9.99999978E-03
5	45	-9.99999978E-03
5	46	-9.99999978E-03
5	47	-9.99999978E-03
5	48	-9.99999978E-03
5	49	-9.99999978E-03
5	50	-9.99999978E-03
5	51	-9.99999978E-03
5	52	-9.99999978E-03
5	53	-9.99999978E-03
5	54	-9.99999978E-03
5	55	-9.99999978E-03
5	56	-9.99999978E-03
5	57	-9.99999978E-03
5	58	-9.99999978E-03
5	59	-9.99999978E-03
5	60	-9.99999978E-03
5	61	-9.99999978E-03
5	62	-9.99999978E-03
5	63	-9.99999978E-03
5	64	-9.99999978E-03
5	65	-9.99999978E-03
5	66	-9.99999978E-03
5	67	-9.99999978E-03
5	68	-9.99999978E-03
5	69	-9.99999978E-03
5	70	-9.99999978E-03
5	71	-9.99999978E-03
5	72	-9.99999978E-03
5	73	-9.99999978E-03
5	74	-9.99999978E-03
5	75	-9.99999978E-03
5	76	-9.99999978E-03
6	8	-9.99999978E-03
6	9	-9.99999978E-03
6	10	-9.99999978E-03
6	11	-9.99999978E-03
6	12	-9.99999978E-03
6	13	-9.99999978E-03
6	14	-9.99999978E-03
6	15	-9.99999978E-03
6	16	-9.99999978E-03
6	17	-9.99999978E-03
6	18	-9.99999978E-03
6	19	-9.99999978E-03
6	20	-9.99999978E-03
6	21	-9.99999978E-03
6	22	-9.99999978E-03
6	23	-9.99999978E-03
6	24	-9.99999978E-03
6	25	-9.99999978E-03
6	26	-9.99999978E-03
6	27	-9.99999978E-03
6	28	-9.99999978E-03
6	29	-9.99999978E-03
6	30	-9.99999978E-03
6	31	-9.99999978E-03
6	32	-9.99999978E-03
6	33	-9.99999978E-03
6	34	-9.99999978E-03
6	35	-9.99999978E-03
6	36	-9.99999978E-03
6	37	-9.99999978E-03
6	38	-9.99999978E-03
6	39	-9.99999978E-03
6	40	-9.99999978E-03
6	41	-9.99999978E-03
6	42	-9.99999978E-03
6	43	-9.99999978E-03
6	44	-9.99999978E-03
6	45	-9.99999978E-03
6	46	-9.99999978E-03
6	47	-9.99999978E-03
6	48	-9.99999978E-03
6	49	-9.99999978E-03
6	50	-9.99999978E-03
6	51	-9.99999978E-03
6	52	-9.99999978E-03
6	53	-9.99999978E-03
6	54	-9.99999978E-03
6	55	-9.99999978E-03
6	56	-9.99999978E-03
6	57	-9.99999978E-03
6	58	-9.99999978E-03
6	59	-9.99999978E-03
6	60	-9.99999978E-03
6	61	-9.99999978E-03
6	62	-9.99999978E-03
6	63	-9.99999978E-03
6	64	-9.99999978E-03
6	65	-9.99999978E-03
6	66	-9.99999978E-03
6	67	-9.99999978E-03
6	68	-9.99999978E-03
6	69	-9.99999978E-03
6	70	-9.99999978E-03
6	71	-9.99999978E-03
6	72	-9.99999978E-03
6	73	-9.99999978E-03
6	74	-9.99999978E-03
6	75	-9.99999978E-03
6	76	-9.99999978E-03
7	9	-9.99999978E-03
7	10	-9.99999978E-03
7	11	-9.99999978E-03
7	12	-9.99999978E-03
7	13	-9.99999978E-03
7	14	-9.99999978E-03
7	15	-9.99999978E-03
7	16	-9.99999978E-03
7	17	-9.99999978E-03
7	18	-9.99999978E-03
7	19	-9.99999978E-03
7	20	-9.99999978E-03
7	21	-9.99999978E-03
7	22	-9.99999978E-03
7	23	-9.99999978E-03
7	24	-9.99999978E-03
7	25	-9.99999978E-03
7	26	-9.99999978E-03
7	27	-9.99999978E-03
7	28	-9.99999978E-03
7	29	-9.99999978E-03
7	30	-9.99999978E-03
7	31	-9.99999978E-03
7	32	-9.99999978E-03
7	33	-9.99999978E-03
7	34	-9.99999978E-03
7	35	-9.99999978E-03
7	36	-9.99999978E-03
7	37	-9.99999978E-03
7	38	-9.99999978E-03
7	39	-9.99999978E-03
7	40	-9.99999978E-03
7	41	-9.99999978E-03
7	42	-9.99999978E-03
7	43	-9.99999978E-03
7	44	-9.99999978E-03
7	45	-9.99999978E-03
7	46	-9.99999978E-03
7	47	-9.99999978E-03
7	48	-9.99999978E-03
7	49	-9.99999978E-03
7	50	-9.99999978E-03
7	51	-9.99999978E-03
7	52	-9.99999978E-03
7	53	-9.99999978E-03
7	54	-9.99999978E-03
7	55	-9.99999978E-03
7	56	-9.99999978E-03
7	57	-9.99999978E-03
7	58	-9.99999978E-03
7	59	-9.99999978E-03
7	60	-9.99999978E-03
7	61	-9.99999978E-03
7	62	-9.99999978E-03
7	63	-9.99999978E-03
7	64	-9.99999978E-03
7	65	-9.99999978E-03
7	66	-9.99999978E-03
7	67	-9.99999978E-03
7	68	-9.99999978E-03
7	69	-9.99999978E-03
7	70	-9.99999978E-03
7	71	-9.99999978E-03
7	72	-9.99999978E-03
7	73	-9.99999978E-03
7	74	-9.99999978E-03
7	75	-9.99999978E-03
7	76	-9.99999978E-03
8	10	-9.99999978E-03
8	11	-9.99999978E-03
8	12	-9.99999978E-03
8	13	-9.99999978E-03
8	14	-9.99999978E-03
8	15	-9.99999978E-03
8	16	-9.99999978E-03
8	17	-9.99999978E-03
8	18	-9.99999978E-03
8	19	-9.99999978E-03
8	20	-9.99999978E-03
8	21	-9.99999978E-03
8	22	-9.99999978E-03
8	23	-9.99999978E-03
8	24	-9.99999978E-03
8	25	-9.99999978E-03
8	26	-9.99999978E-03
8	27	-9.99999978E-03
8	28	-9.99999978E-03
8	29	-9.99999978E-03
8	30	-9.99999978E-03
8	31	-9.99999978E-03
8	32	-9.99999978E-03
8	33	-9.99999978E-03
8	34	-9.99999978E-03
8	35	-9.99999978E-03
8	36	-9.99999978E-03
8	37	-9.99999978E-03
8	38	-9.99999978E-03
8	39	-9.99999978E-03
8	40	-9.99999978E-03
8	41	-9.99999978E-03
8	42	-9.99999978E-03
8	43	-9.99999978E-03
8	44	-9.99999978E-03
8	45	-9.99999978E-03
8	46	-9.99999978E-03
8	47	-9.99999978E-03
8	48	-9.99999978E-03
8	49	-9.99999978E-03
8	50	-9.99999978E-03
8	51	-9.99999978E-03
8	52	-9.99999978E-03
8	53	-9.99999978E-03
8	54	-9.99999978E-03
8	55	-9.99999978E-03
8	56	-9.99999978E-03
8	57	-9.99999978E-03
8	58	-9.99999978E-03
8	59	-9.99999978E-03
8	60	-9.99999978E-03
8	61	-9.99999978E-03
8	62	-9.99999978E-03
8	63	-9.99999978E-03
8	64	-9.99999978E-03
8	65	-9.99999978E-03
8	66	-9.99999978E-03
8	67	-9.99999978E-03
8	68	-9.99999978E-03
8	69	-9.99999978E-03
8	70	-9.99999978E-03
8	71	-9.99999978E-03
8	72	-9.99999978E-03
8	73	-9.99999978E-03
8	74	-9.99999978E-03
8	75	-9.99999978E-03
8	76	-9.99999978E-03
9	11	-9.99999978E-03
9	12	-9.99999978E-03
9	13	-9.99999978E-03
9	14	-9.99999978E-03
9	15	-9.99999978E-03
9	16	-9.99999978E-03
9	17	-9.99999978E-03
9	18	-9.99999978E-03
9	19	-9.99999978E-03
9	20	-9.99999978E-03
9	21	-9.99999978E-03
9	22	-9.99999978E-03
9	23	-9.99999978E-03
9	24	-9.99999978E-03
9	25	-9.99999978E-03
9	26	-9.99999978E-03
9	27	-9.99999978E-03
9	28	-9.99999978E-03
9	29	-9.99999978E-03
9	30	-9.99999978E-03
9	31	-9.99999978E-03
9	32	-9.99999978E-03
9	33	-9.99999978E-03
9	34	-9.99999978E-03
9	35	-9.99999978E-03
9	36	-9.99999978E-03
9	37	-9.99999978E-03
9	38	-9.99999978E-03
9	39	-9.99999978E-03
9	40	-9.99999978E-03
9	41	-9.99999978E-03
9	42	-9.99999978E-03
9	43	-9.99999978E-03
9	44	-9.99999978E-03
9	45	-9.99999978E-03
9	46	-9.99999978E-03
9	47	-9.99999978E-03
9	48	-9.99999978E-03
9	49	-9.99999978E-03
9	50	-9.99999978E-03
9	51	-9.99999978E-03
9	52	-9.99999978E-03
9	53	-9.99999978E-03
9	54	-9.99999978E-03
9	55	-9.99999978E-03
9	56	-9.99999978E-03
9	57	-9.99999978E-03
9	58	-9.99999978E-03
9	59	-9.99999978E-03
9	60	-9.99999978E-03
9	61	-9.99999978E-03
9	62	-9.99999978E-03
9	63	-9.99999978E-03
9	64	-9.99999978E-03
9	65	-9.99999978E-03
9	66	-9.99999978E-03
9	67	-9.99999978E-03
9	68	-9.99999978E-03
9	69	-9.99999978E-03
9	70	-9.99999978E-03
9	71	-9.99999978E-03
9	72	-9.99999978E-03
9	73	-9.99999978E-03
9	74	-9.99999978E-03
9	75	-9.99999978E-03
9	76	-9.99999978E-03
10	12	-9.99999978E-03
10	13	-9.99999978E-03
10	14	-9.99999978E-03
10	15	-9.99999978E-03
10	16	-9.99999978E-03
10	17	-9.99999978E-03
10	18	-9.99999978E-03
10	19	-9.99999978E-03
10	20	-9.99999978E-03
10	21	-9.99999978E-03
10	22	-9.99999978E-03
10	23	-9.99999978E-03
10	24	-9.99999978E-03
10	25	-9.99999978E-03
10	26	-9.99999978E-03
10	27	-9.99999978E-03
10	28	-9.99999978E-03
10	29	-9.99999978E-03
10	30	-9.99999978E-03
10	31	-9.99999978E-03
10	32	-9.99999978E-03
10	33	-9.99999978E-03
10	34	-9.99999978E-03
10	35	-9.99999978E-03
10	36	-9.99999978E-03
10	37	-9.99999978E-03
10	38	-9.99999978E-03
10	39	-9.99999978E-03
10	40	-9.99999978E-03
10	41	-9.99999978E-03
10	42	-9.99999978E-03
10	43	-9.99999978E-03
10	44	-9.99999978E-03
10	45	-9.99999978E-03
10	46	-9.99999978E-03
10	47	-9.99999978E-03
10	48	-9.99999978E-03
10	49	-9.99999978E-03
10	50	-9.99999978E-03
10	51	-9.99999978E-03
10	52	-9.99999978E-03
10	53	-9.99999978E-03
10	54	-9.99999978E-03
10	55	-9.99999978E-03
10	56	-9.99999978E-03
10	57	-9.99999978E-03
10	58	-9.99999978E-03
10	59	-9.99999978E-03
10	60	-9.99999978E-03
10	61	-9.99999978E-03
10	62	-9.99999978E-03
10	63	-9.99999978E-03
10	64	-9.99999978E-03
10	65	-9.99999978E-03
10	66	-9.99999978E-03
10	67	-9.99999978E-03
10	68	-9.99999978E-03
10	69	-9.99999978E-03
10	70	-9.99999978E-03
10	71	-9.99999978E-03
10	72	-9.99999978E-03
10	73	-9.99999978E-03
10	74	-9.99999978E-03
10	75	-9.99999978E-03
10	76	-9.99999978E-03
11	13	-9.99999978E-03
11	14	-9.99999978E-03
11	15	-9.99999978E-03
11	16	-9.99999978E-03
11	17	-9.99999978E-03
11	18	-9.99999978E-03
11	19	-9.99999978E-03
11	20	-9.99999978E-03
11	21	-9.99999978E-03
11	22	-9.99999978E-03
11	23	-9.99999978E-03
11	24	-9.99999978E-03
11	25	-9.99999978E-03
11	26	-9.99999978E-03
11	27	-9.99999978E-03
11	28	-9.99999978E-03
11	29	-9.99999978E-03
11	30	-9.99999978E-03
11	31	-9.99999978E-03
11	32	-9.99999978E-03
11	33	-9.99999978E-03
11	34	-9.99999978E-03
11	35	-9.99999978E-03
11	36	-9.99999978E-03
11	37	-9.99999978E-03
11	38	-9.99999978E-03
11	39	-9.99999978E-03
11	40	-9.99999978E-03
11	41	-9.99999978E-03
11	42	-9.99999978E-03
11	43	-9.99999978E-03
11	44	-9.99999978E-03
11	45	-9.99999978E-03
11	46	-9.99999978E-03
11	47	-9.99999978E-03
11	48	-9.99999978E-03
11	49	-9.99999978E-03
11	50	-9.99999978E-03
11	51	-9.99999978E-03
11	52	-9.99999978E-03
11	53	-9.99999978E-03
11	54	-9.99999978E-03
11	55	-9.99999978E-03
11	56	-9.99999978E-03
11	57	-9.99999978E-03
11	58	-9.99999978E-03
11	59	-9.99999978E-03
11	60	-9.99999978E-03
11	61	-9.99999978E-03
11	62	-9.99999978E-03
11	63	-9.99999978E-03
11	64	-9.99999978E-03
11	65	-9.99999978E-03
11	66	-9.99999978E-03
11	67	-9.99999978E-03
11	68	-9.99999978E-03
11	69	-9.99999978E-03
11	70	-9.99999978E-03
11	71	-9.99999978E-03
11	72	-9.99999978E-03
11	73	-9.99999978E-03
11	74	-9.99999978E-03
11	75	-9.99999978E-03
11	76	-9.99999978E-03
12	14	-9.99999978E-03
12	15	-9.99999978E-03
12	16	-9.99999978E-03
12	17	-9.99999978E-03
12	18	-9.99999978E-03
12	19	-9.99999978E-03
12	20	-9.99999978E-03
12	21	-9.99999978E-03
12	22	-9.99999978E-03
12	23	-9.99999978E-03
12	24	-9.99999978E-03
12	25	-9.99999978E-03
12	26	-9.99999978E-03
12	27	-9.99999978E-03
12	28	-9.99999978E-03
12	29	-9.99999978E-03
12	30	-9.99999978E-03
12	31	-9.99999978E-03
12	32	-9.99999978E-03
12	33	-9.99999978E-03
12	34	-9.99999978E-03
12	35	-9.99999978E-03
12	36	-9.99999978E-03
12	37	-9.99999978E-03
12	38	-9.99999978E-03
12	39	-9.99999978E-03
12	40	-9.99999978E-03
12	41	-9.99999978E-03
12	42	-9.99999978E-03
12	43	-9.99999978E-03
12	44	-9.99999978E-03
12	45	-9.99999978E-03
12	46	-9.99999978E-03
12	47	-9.99999978E-03
12	48	-9.99999978E-03
12	49	-9.99999978E-03
12	50	-9.99999978E-03
12	51	-9.99999978E-03
12	52	-9.99999978E-03
12	53	-9.99999978E-03
12	54	-9.99999978E-03
12	55	-9.99999978E-03
12	56	-9.99999978E-03
12	57	-9.99999978E-03
12	58	-9.99999978E-03
12	59	-9.99999978E-03
12	60	-9.99999978E-03
12	61	-9.99999978E-03
12	62	-9.99999978E-03
12	63	-9.99999978E-03
12	64	-9.99999978E-03
12	65	-9.99999978E-03
12	66	-9.99999978E-03
12	67	-9.99999978E-03
12	68	-9.99999978E-03
12	69	-9.99999978E-03
12	70	-9.99999978E-03
12	71	-9.99999978E-03
12	72	-9.99999978E-03
12	73	-9.99999978E-03
12	74	-9.99999978E-03
12	75	-9.99999978E-03
12	76	-9.99999978E-03
13	15	-9.99999978E-03
13	16	-9.99999978E-03
13	17	-9.99999978E-03
13	18	-9.99999978E-03
13	19	-9.99999978E-03
13	20	-9.99999978E-03
13	21	-9.99999978E-03
13	22	-9.99999978E-03
13	23	-9.99999978E-03
13	24	-9.99999978E-03
13	25	-9.99999978E-03
13	26	-9.99999978E-03
13	27	-9.99999978E-03
13	28	-9.99999978E-03
13	29	-9.99999978E-03
13	30	-9.99999978E-03
13	31	-9.99999978E-03
13	32	-9.99999978E-03
13	33	-9.99999978E-03
13	34	-9.99999978E-03
13	35	-9.99999978E-03
13	36	-9.99999978E-03
13	37	-9.99999978E-03
13	38	-9.99999978E-03
13	39	-9.99999978E-03
13	40	-9.99999978E-03
13	41	-9.99999978E-03
13	42	-9.99999978E-03
13	43	-9.99999978E-03
13	44	-9.99999978E-03
13	45	-9.99999978E-03
13	46	-9.99999978E-03
13	47	-9.99999978E-03
13	48	-9.99999978E-03
13	49	-9.99999978E-03
13	50	-9.99999978E-03
13	51	-9.99999978E-03
13	52	-9.99999978E-03
13	53	-9.99999978E-03
13	54	-9.99999978E-03
13	55	-9.99999978E-03
13	56	-9.99999978E-03
13	57	-9.99999978E-03
13	58	-9.99999978E-03
13	59	-9.99999978E-03
13	60	-9.99999978E-03
13	61	-9.99999978E-03
13	62	-9.99999978E-03
13	63	-9.99999978E-03
13	64	-9.99999978E-03
13	65	-9.99999978E-03
13	66	-9.99999978E-03
13	67	-9.99999978E-03
13	68	-9.99999978E-03
13	69	-9.99999978E-03
13	70	-9.99999978E-03
13	71	-9.99999978E-03
13	72	-9.99999978E-03
13	73	-9.99999978E-03
13	74	-9.99999978E-03
13	75	-9.99999978E-03
13	76	-9.99999978E-03
14	16	-9.99999978E-03
14	17	-9.99999978E-03
14	18	-9.99999978E-03
14	19	-9.99999978E-03
14	20	-9.99999978E-03
14	21	-9.99999978E-03
14	22	-9.99999978E-03
14	23	-9.99999978E-03
14	24	-9.99999978E-03
14	25	-9.99999978E-03
14	26	-9.99999978E-03
14	27	-9.99999978E-03
14	28	-9.99999978E-03
14	29	-9.99999978E-03
14	30	-9.99999978E-03
14	31	-9.99999978E-03
14	32	-9.99999978E-03
14	33	-9.99999978E-03
14	34	-9.99999978E-03
14	35	-9.99999978E-03
14	36	-9.99999978E-03
14	37	-9.99999978E-03
14	38	-9.99999978E-03
14	39	-9.99999978E-03
14	40	-9.99999978E-03
14	41	-9.99999978E-03
14	42	-9.99999978E-03
14	43	-9.99999978E-03
14	44	-9.99999978E-03
14	45	-9.99999978E-03
14	46	-9.99999978E-03
14	47	-9.99999978E-03
14	48	-9.99999978E-03
14	49	-9.99999978E-03
14	50	-9.99999978E-03
14	51	-9.99999978E-03
14	52	-9.99999978E-03
14	53	-9.99999978E-03
14	54	-9.99999978E-03
14	55	-9.99999978E-03
14	56	-9.99999978E-03
14	57	-9.99999978E-03
14	58	-9.99999978E-03
14	59	-9.99999978E-03
14	60	-9.99999978E-03
14	61	-9.99999978E-03
14	62	-9.99999978E-03
14	63	-9.99999978E-03
14	64	-9.99999978E-03
14	65	-9.99999978E-03
14	66	-9.99999978E-03
14	67	-9.99999978E-03
14	68	-9.99999978E-03
14	69	-9.99999978E-03
14	70	-9.99999978E-03
14	71	-9.99999978E-03
14	72	-9.99999978E-03
14	73	-9.99999978E-03
14	74	-9.99999978E-03
14	75	-9.99999978E-03
14	76	-9.99999978E-03
15	17	-9.99999978E-03
15	18	-9.99999978E-03
15	19	-9.99999978E-03
15	20	-9.99999978E-03
15	21	-9.99999978E-03
15	22	-9.99999978E-03
15	23	-9.99999978E-03
15	24	-9.99999978E-03
15	25	-9.99999978E-03
15	26	-9.99999978E-03
15	27	-9.99999978E-03
15	28	-9.99999978E-03
15	29	-9.99999978E-03
15	30	-9.99999978E-03
15	31	-9.99999978E-03
15	32	-9.99999978E-03
15	33	-9.99999978E-03
15	34	-9.99999978E-03
15	35	-9.99999978E-03
15	36	-9.99999978E-03
15	37	-9.99999978E-03
15	38	-9.99999978E-03
15	39	-9.99999978E-03
15	40	-9.99999978E-03
15	41	-9.99999978E-03
15	42	-9.99999978E-03
15	43	-9.99999978E-03
15	44	-9.99999978E-03
15	45	-9.99999978E-03
15	46	-9.99999978E-03
15	47	-9.99999978E-03
15	48	-9.99999978E-03
15	49	-9.99999978E-03
15	50	-9.99999978E-03
15	51	-9.99999978E-03
15	52	-9.99999978E-03
15	53	-9.99999978E-03
15	54	-9.99999978E-03
15	55	-9.99999978E-03
15	56	-9.99999978E-03
15	57	-9.99999978E-03
15	58	-9.99999978E-03
15	59	-9.99999978E-03
15	60	-9.99999978E-03
15	61	-9.99999978E-03
15	62	-9.99999978E-03
15	63	-9.99999978E-03
15	64	-9.99999978E-03
15	65	-9.99999978E-03
15	66	-9.99999978E-03
15	67	-9.99999978E-03
15	68	-9.99999978E-03
15	69	-9.99999978E-03
15	70	-9.99999978E-03
15	71	-9.99999978E-03
15	72	-9.99999978E-03
15	73	-9.99999978E-03
15	74	-9.99999978E-03
15	75	-9.99999978E-03
15	76	-9.99999978E-03
16	18	-9.99999978E-03
16	19	-9.99999978E-03
16	20	-9.99999978E-03
16	21	-9.99999978E-03
16	22	-9.99999978E-03
16	23	-9.99999978E-03
16	24	-9.99999978E-03
16	25	-9.99999978E-03
16	26	-9.99999978E-03
16	27	-9.99999978E-03
16	28	-9.99999978E-03
16	29	-9.99999978E-03
16	30	-9.99999978E-03
16	31	-9.99999978E-03
16	32	-9.99999978E-03
16	33	-9.99999978E-03
16	34	-9.99999978E-03
16	35	-9.99999978E-03
16	36	-9.99999978E-03
16	37	-9.99999978E-03
16	38	-9.99999978E-03
16	39	-9.99999978E-03
16	40	-9.99999978E-03
16	41	-9.99999978E-03
16	42	-9.99999978E-03
16	43	-9.99999978E-03
16	44	-9.99999978E-03
16	45	-9.99999978E-03
16	46	-9.99999978E-03
16	47	-9.99999978E-03
16	48	-9.99999978E-03
16	49	-9.99999978E-03
16	50	-9.99999978E-03
16	51	-9.99999978E-03
16	52	-9.99999978E-03
16	53	-9.99999978E-03
16	54	-9.99999978E-03
16	55	-9.99999978E-03
16	56	-9.99999978E-03
16	57	-9.99999978E-03
16	58	-9.99999978E-03
16	59	-9.99999978E-03
16	60	-9.99999978E-03
16	61	-9.99999978E-03
16	62	-9.99999978E-03
16	63	-9.99999978E-03
16	64	-9.99999978E-03
16	65	-9.99999978E-03
16	66	-9.99999978E-03
16	67	-9.99999978E-03
16	68	-9.99999978E-03
16	69	-9.99999978E-03
16	70	-9.99999978E-03
16	71	-9.99999978E-03
16	72	-9.99999978E-03
16	73	-9.99999978E-03
16	74	-9.99999978E-03
16	75	-9.99999978E-03
16	76	-9.99999978E-03
17	19	-9.99999978E-03
17	20	-9.99999978E-03
17	21	-9.99999978E-03
17	22	-9.99999978E-03
17	23	-9.99999978E-03
17	24	-9.99999978E-03
17	25	-9.99999978E-03
17	26	-9.99999978E-03
17	27	-9.99999978E-03
17	28	-9.99999978E-03
17	29	-9.99999978E-03
17	30	-9.99999978E-03
17	31	-9.99999978E-03
17	32	-9.99999978E-03
17	33	-9.99999978E-03
17	34	-9.99999978E-03
17	35	-9.99999978E-03
17	36	-9.99999978E-03
17	37	-9.99999978E-03
17	38	-9.99999978E-03
17	39	-9.99999978E-03
17	40	-9.99999978E-03
17	41	-9.99999978E-03
17	42	-9.99999978E-03
17	43	-9.99999978E-03
17	44	-9.99999978E-03
17	45	-9.99999978E-03
17	46	-9.99999978E-03
17	47	-9.99999978E-03
17	48	-9.99999978E-03
17	49	-9.99999978E-03
17	50	-9.99999978E-03
17	51	-9.99999978E-03
17	52	-9.99999978E-03
17	53	-9.99999978E-03
17	54	-9.99999978E-03
17	55	-9.99999978E-03
17	56	-9.99999978E-03
17	57	-9.99999978E-03
17	58	-9.99999978E-03
17	59	-9.99999978E-03
17	60	-9.99999978E-03
17	61	-9.99999978E-03
17	62	-9.99999978E-03
17	63	-9.99999978E-03
17	64	-9.99999978E-03
17	65	-9.99999978E-03
17	66	-9.99999978E-03
17	67	-9.99999978E-03
17	68	-9.99999978E-03
17	69	-9.99999978E-03
17	70	-9.99999978E-03
17	71	-9.99999978E-03
17	72	-9.99999978E-03
17	73	-9.99999978E-03
17	74	-9.99999978E-03
17	75	-9.99999978E-03
17	76	-9.99999978E-03
18	20	-9.99999978E-03
18	21	-9.99999978E-03
18	22	-9.99999978E-03
18	23	-9.99999978E-03
18	24	-9.99999978E-03
18	25	-9.99999978E-03
18	26	-9.99999978E-03
18	27	-9.99999978E-03
18	28	-9.99999978E-03
18	29	-9.99999978E-03
18	30	-9.99999978E-03
18	31	-9.99999978E-03
18	32	-9.99999978E-03
18	33	-9.99999978E-03
18	34	-9.99999978E-03
18	35	-9.99999978E-03
18	36	-9.99999978E-03
18	37	-9.99999978E-03
18	38	-9.99999978E-03
18	39	-9.99999978E-03
18	40	-9.99999978E-03
18	41	-9.99999978E-03
18	42	-9.99999978E-03
18	43	-9.99999978E-03
18	44	-9.99999978E-03
18	45	-9.99999978E-03
18	46	-9.99999978E-03
18	47	-9.99999978E-03
18	48	-9.99999978E-03
18	49	-9.99999978E-03
18	50	-9.99999978E-03
18	51	-9.99999978E-03
18	52	-9.99999978E-03
18	53	-9.99999978E-03
18	54	-9.99999978E-03
18	55	-9.99999978E-03
18	56	-9.99999978E-03
18	57	-9.99999978E-03
18	58	-9.99999978E-03
18	59	-9.99999978E-03
18	60	-9.99999978E-03
18	61	-9.99999978E-03
18	62	-9.99999978E-03
18	63	-9.99999978E-03
18	64	-9.99999978E-03
18	65	-9.99999978E-03
18	66	-9.99999978E-03
18	67	-9.99999978E-03
18	68	-9.99999978E-03
18	69	-9.99999978E-03
18	70	-9.99999978E-03
18	71	-9.99999978E-03
18	72	-9.99999978E-03
18	73	-9.99999978E-03
18	74	-9.99999978E-03
18	75	-9.99999978E-03
18	76	-9.99999978E-03
19	21	-9.99999978E-03
19	22	-9.99999978E-03
19	23	-9.99999978E-03
19	24	-9.99999978E-03
19	25	-9.99999978E-03
19	26	-9.99999978E-03
19	27	-9.99999978E-03
19	28	-9.99999978E-03
19	29	-9.99999978E-03
19	30	-9.99999978E-03
19	31	-9.99999978E-03
19	32	-9.99999978E-03
19	33	-9.99999978E-03
19	34	-9.99999978E-03
19	35	-9.99999978E-03
19	36	-9.99999978E-03
19	37	-9.99999978E-03
19	38	-9.99999978E-03
19	39	-9.99999978E-03
19	40	-9.99999978E-03
19	41	-9.99999978E-03
19	42	-9.99999978E-03
19	43	-9.99999978E-03
19	44	-9.99999978E-03
19	45	-9.99999978E-03
19	46	-9.99999978E-03
19	47	-9.99999978E-03
19	48	-9.99999978E-03
19	49	-9.99999978E-03
19	50	-9.99999978E-03
19	51	-9.99999978E-03
19	52	-9.99999978E-03
19	53	-9.99999978E-03
19	54	-9.99999978E-03
19	55	-9.99999978E-03
19	56	-9.99999978E-03
19	57	-9.99999978E-03
19	58	-9.99999978E-03
19	59	-9.99999978E-03
19	60	-9.99999978E-03
19	61	-9.99999978E-03
19	62	-9.99999978E-03
19	63	-9.99999978E-03
19	64	-9.99999978E-03
19	65	-9.99999978E-03
19	66	-9.99999978E-03
19	67	-9.99999978E-03
19	68	-9.99999978E-03
19	69	-9.99999978E-03
19	70	-9.99999978E-03
19	71	-9.99999978E-03
19	72	-9.99999978E-03
19	73	-9.99999978E-03
19	74	-9.99999978E-03
19	75	-9.99999978E-03
19	76	-9.99999978E-03
20	22	-9.99999978E-03
20	23	-9.99999978E-03
20	24	-9.99999978E-03
20	25	-9.99999978E-03
20	26	-9.99999978E-03
20	27	-9.99999978E-03
20	28	-9.99999978E-03
20	29	-9.99999978E-03
20	30	-9.99999978E-03
20	31	-9.99999978E-03
20	32	-9.99999978E-03
20	33	-9.99999978E-03
20	34	-9.99999978E-03
20	35	-9.99999978E-03
20	36	-9.99999978E-03
20	37	-9.99999978E-03
20	38	-9.99999978E-03
20	39	-9.99999978E-03
20	40	-9.99999978E-03
20	41	-9.99999978E-03
20	42	-9.99999978E-03
20	43	-9.99999978E-03
20	44	-9.99999978E-03
20	45	-9.99999978E-03
20	46	-9.99999978E-03
20	47	-9.99999978E-03
20	48	-9.99999978E-03
20	49	-9.99999978E-03
20	50	-9.99999978E-03
20	51	-9.99999978E-03
20	52	-9.99999978E-03
20	53	-9.99999978E-03
20	54	-9.99999978E-03
20	55	-9.99999978E-03
20	56	-9.99999978E-03
20	57	-9.99999978E-03
20	58	-9.99999978E-03
20	59	-9.99999978E-03
20	60	-9.99999978E-03
20	61	-9.99999978E-03
20	62	-9.99999978E-03
20	63	-9.99999978E-03
20	64	-9.99999978E-03
20	65	-9.99999978E-03
20	66	-9.99999978E-03
20	67	-9.99999978E-03
20	68	-9.99999978E-03
20	69	-9.99999978E-03
20	70	-9.99999978E-03
20	71	-9.99999978E-03
20	72	-9.99999978E-03
20	73	-9.99999978E-03
20	74	-9.99999978E-03
20	75	-9.99999978E-03
20	76	-9.99999978E-03
21	23	-9.99999978E-03
21	24	-9.99999978E-03
21	25	-9.99999978E-03
21	26	-9.99999978E-03
21	27	-9.99999978E-03
21	28	-9.99999978E-03
21	29	-9.99999978E-03
21	30	-9.99999978E-03
21	31	-9.99999978E-03
21	32	-9.99999978E-03
21	33	-9.99999978E-03
21	34	-9.99999978E-03
21	35	-9.99999978E-03
21	36	-9.99999978E-03
21	37	-9.99999978E-03
21	38	-9.99999978E-03
21	39	-9.99999978E-03
21	40	-9.99999978E-03
21	41	-9.99999978E-03
21	42	-9.99999978E-03
21	43	-9.99999978E-03
21	44	-9.99999978E-03
21	45	-9.99999978E-03
21	46	-9.99999978E-03
21	47	-9.99999978E-03
21	48	-9.99999978E-03
21	49	-9.99999978E-03
21	50	-9.99999978E-03
21	51	-9.99999978E-03
21	52	-9.99999978E-03
21	53	-9.99999978E-03
21	54	-9.99999978E-03
21	55	-9.99999978E-03
21	56	-9.99999978E-03
21	57	-9.99999978E-03
21	58	-9.99999978E-03
21	59	-9.99999978E-03
21	60	-9.99999978E-03
21	61	-9.99999978E-03
21	62	-9.99999978E-03
21	63	-9.99999978E-03
21	64	-9.99999978E-03
21	65	-9.99999978E-03
21	66	-9.99999978E-03
21	67	-9.99999978E-03
21	68	-9.99999978E-03
21	69	-9.99999978E-03
21	70	-9.99999978E-03
21	71	-9.99999978E-03
21	72	-9.99999978E-03
21	73	-9.99999978E-03
21	74	-9.99999978E-03
21	75	-9.99999978E-03
21	76	-9.99999978E-03
22	24	-9.99999978E-03
22	25	-9.99999978E-03
22	26	-9.99999978E-03
22	27	-9.99999978E-03
22	28	-9.99999978E-03
22	29	-9.99999978E-03
22	30	-9.99999978E-03
22	31	-9.99999978E-03
22	32	-9.99999978E-03
22	33	-9.99999978E-03
22	34	-9.99999978E-03
22	35	-9.99999978E-03
22	36	-9.99999978E-03
22	37	-9.99999978E-03
22	38	-9.99999978E-03
22	39	-9.99999978E-03
22	40	-9.99999978E-03
22	41	-9.99999978E-03
22	42	-9.99999978E-03
22	43	-9.99999978E-03
22	44	-9.99999978E-03
22	45	-9.99999978E-03
22	46	-9.99999978E-03
22	47	-9.99999978E-03
22	48	-9.99999978E-03
22	49	-9.99999978E-03
22	50	-9.99999978E-03
22	51	-9.99999978E-03
22	52	-9.99999978E-03
22	53	-9.99999978E-03
22	54	-9.99999978E-03
22	55	-9.99999978E-03
22	56	-9.99999978E-03
22	57	-9.99999978E-03
22	58	-9.99999978E-03
22	59	-9.99999978E-03
22	60	-9.99999978E-03
22	61	-9.99999978E-03
22	62	-9.99999978E-03
22	63	-9.99999978E-03
22	64	-9.99999978E-03
22	65	-9.99999978E-03
22	66	-9.99999978E-03
22	67	-9.99999978E-03
22	68	-9.99999978E-03
22	69	-9.99999978E-03
22	70	-9.99999978E-03
22	71	-9.99999978E-03
22	72	-9.99999978E-03
22	73	-9.99999978E-03
22	74	-9.99999978E-03
22	75	-9.99999978E-03
22	76	-9.99999978E-03
23	25	-9.99999978E-03
23	26	-9.99999978E-03
23	27	-9.99999978E-03
23	28	-9.99999978E-03
23	29	-9.99999978E-03
23	30	-9.99999978E-03
23	31	-9.99999978E-03
23	32	-9.99999978E-03
23	33	-9.99999978E-03
23	34	-9.99999978E-03
23	35	-9.99999978E-03
23	36	-9.99999978E-03
23	37	-9.99999978E-03
23	38	-9.99999978E-03
23	39	-9.99999978E-03
23	40	-9.99999978E-03
23	41	-9.99999978E-03
23	42	-9.99999978E-03
23	43	-9.99999978E-03
23	44	-9.99999978E-03
23	45	-9.99999978E-03
23	46	-9.99999978E-03
23	47	-9.99999978E-03
23	48	-9.99999978E-03
23	49	-9.99999978E-03
23	50	-9.99999978E-03
23	51	-9.99999978E-03
23	52	-9.99999978E-03
23	53	-9.99999978E-03
23	54	-9.99999978E-03
23	55	-9.99999978E-03
23	56	-9.99999978E-03
23	57	-9.99999978E-03
23	58	-9.99999978E-03
23	59	-9.99999978E-03
23	60	-9.99999978E-03
23	61	-9.99999978E-03
23	62	-9.99999978E-03
23	63	-9.99999978E-03
23	64	-9.99999978E-03
23	65	-9.99999978E-03
23	66	-9.99999978E-03
23	67	-9.99999978E-03
23	68	-9.99999978E-03
23	69	-9.99999978E-03
23	70	-9.99999978E-03
23	71	-9.99999978E-03
23	72	-9.99999978E-03
23	73	-9.99999978E-03
23	74	-9.99999978E-03
23	75	-9.99999978E-03
23	76	-9.99999978E-03
24	26	-9.99999978E-03
24	27	-9.99999978E-03
24	28	-9.99999978E-03
24	29	-9.99999978E-03
24	30	-9.99999978E-03
24	31	-9.99999978E-03
24	32	-9.99999978E-03
24	33	-9.99999978E-03
24	34	-9.99999978E-03
24	35	-9.99999978E-03
24	36	-9.99999978E-03
24	37	-9.99999978E-03
24	38	-9.99999978E-03
24	39	-9.99999978E-03
24	40	-9.99999978E-03
24	41	-9.99999978E-03
24	42	-9.99999978E-03
24	43	-9.99999978E-03
24	44	-9.99999978E-03
24	45	-9.99999978E-03
24	46	-9.99999978E-03
24	47	-9.99999978E-03
24	48	-9.99999978E-03
24	49	-9.99999978E-03
24	50	-9.99999978E-03
24	51	-9.99999978E-03
24	52	-9.99999978E-03
24	53	-9.99999978E-03
24	54	-9.99999978E-03
24	55	-9.99999978E-03
24	56	-9.99999978E-03
24	57	-9.99999978E-03
24	58	-9.99999978E-03
24	59	-9.99999978E-03
24	60	-9.99999978E-03
24	61	-9.99999978E-03
24	62	-9.99999978E-03
24	63	-9.99999978E-03
24	64	-9.99999978E-03
24	65	-9.99999978E-03
24	66	-9.99999978E-03
24	67	-9.99999978E-03
24	68	-9.99999978E-03
24	69	-9.99999978E-03
24	70	-9.99999978E-03
24	71	-9.99999978E-03
24	72	-9.99999978E-03
24	73	-9.99999978E-03
24	74	-9.99999978E-03
24	75	-9.99999978E-03
24	76	-9.99999978E-03
25	27	-9.99999978E-03
25	28	-9.99999978E-03
25	29	-9.99999978E-03
25	30	-9.99999978E-03
25	31	-9.99999978E-03
25	32	-9.99999978E-03
25	33	-9.99999978E-03
25	34	-9.99999978E-03
25	35	-9.99999978E-03
25	36	-9.99999978E-03
25	37	-9.99999978E-03
25	38	-9.99999978E-03
25	39	-9.99999978E-03
25	40	-9.99999978E-03
25	41	-9.99999978E-03
25	42	-9.99999978E-03
25	43	-9.99999978E-03
25	44	-9.99999978E-03
25	45	-9.99999978E-03
25	46	-9.99999978E-03
25	47	-9.99999978E-03
25	48	-9.99999978E-03
25	49	-9.99999978E-03
25	50	-9.99999978E-03
25	51	-9.99999978E-03
25	52	-9.99999978E-03
25	53	-9.99999978E-03
25	54	-9.99999978E-03
25	55	-9.99999978E-03
25	56	-9.99999978E-03
25	57	-9.99999978E-03
25	58	-9.99999978E-03
25	59	-9.99999978E-03
25	60	-9.99999978E-03
25	61	-9.99999978E-03
25	62	-9.99999978E-03
25	63	-9.99999978E-03
25	64	-9.99999978E-03
25	65	-9.99999978E-03
25	66	-9.99999978E-03
25	67	-9.99999978E-03
25	68	-9.99999978E-03
25	69	-9.99999978E-03
25	70	-9.99999978E-03
25	71	-9.99999978E-03
25	72	-9.99999978E-03
25	73	-9.99999978E-03
25	74	-9.99999978E-03
25	75	-9.99999978E-03
25	76	-9.99999978E-03
26	28	-9.99999978E-03
26	29	-9.99999978E-03
26	30	-9.99999978E-03
26	31	-9.99999978E-03
26	32	-9.99999978E-03
26	33	-9.99999978E-03
26	34	-9.99999978E-03
26	35	-9.99999978E-03
26	36	-9.99999978E-03
26	37	-9.99999978E-03
26	38	-9.99999978E-03
26	39	-9.99999978E-03
26	40	-9.99999978E-03
26	41	-9.99999978E-03
26	42	-9.99999978E-03
26	43	-9.99999978E-03
26	44	-9.99999978E-03
26	45	-9.99999978E-03
26	46	-9.99999978E-03
26	47	-9.99999978E-03
26	48	-9.99999978E-03
26	49	-9.99999978E-03
26	50	-9.99999978E-03
26	51	-9.99999978E-03
26	52	-9.99999978E-03
26	53	-9.99999978E-03
26	54	-9.99999978E-03
26	55	-9.99999978E-03
26	56	-9.99999978E-03
26	57	-9.99999978E-03
26	58	-9.99999978E-03
26	59	-9.99999978E-03
26	60	-9.99999978E-03
26	61	-9.99999978E-03
26	62	-9.99999978E-03
26	63	-9.99999978E-03
26	64	-9.99999978E-03
26	65	-9.99999978E-03
26	66	-9.99999978E-03
26	67	-9.99999978E-03
26	68	-9.99999978E-03
26	69	-9.99999978E-03
26	70	-9.99999978E-03
26	71	-9.99999978E-03
26	72	-9.99999978E-03
26	73	-9.99999978E-03
26	74	-9.99999978E-03
26	75	-9.99999978E-03
26	76	-9.99999978E-03
27	29	-9.99999978E-03
27	30	-9.99999978E-03
27	31	-9.99999978E-03
27	32	-9.99999978E-03
27	33	-9.99999978E-03
27	34	-9.99999978E-03
27	35	-9.99999978E-03
27	36	-9.99999978E-03
27	37	-9.99999978E-03
27	38	-9.99999978E-03
27	39	-9.99999978E-03
27	40	-9.99999978E-03
27	41	-9.99999978E-03
27	42	-9.99999978E-03
27	43	-9.99999978E-03
27	44	-9.99999978E-03
27	45	-9.99999978E-03
27	46	-9.99999978E-03
27	47	-9.99999978E-03
27	48	-9.99999978E-03
27	49	-9.99999978E-03
27	50	-9.99999978E-03
27	51	-9.99999978E-03
27	52	-9.99999978E-03
27	53	-9.99999978E-03
27	54	-9.99999978E-03
27	55	-9.99999978E-03
27	56	-9.99999978E-03
27	57	-9.99999978E-03
27	58	-9.99999978E-03
27	59	-9.99999978E-03
27	60	-9.99999978E-03
27	61	-9.99999978E-03
27	62	-9.99999978E-03
27	63	-9.99999978E-03
27	64	-9.99999978E-03
27	65	-9.99999978E-03
27	66	-9.99999978E-03
27	67	-9.99999978E-03
27	68	-9.99999978E-03
27	69	-9.99999978E-03
27	70	-9.99999978E-03
27	71	-9.99999978E-03
27	72	-9.99999978E-03
27	73	-9.99999978E-03
27	74	-9.99999978E-03
27	75	-9.99999978E-03
27	76	-9.99999978E-03
28	30	-9.99999978E-03
28	31	-9.99999978E-03
28	32	-9.99999978E-03
28	33	-9.99999978E-03
28	34	-9.99999978E-03
28	35	-9.99999978E-03
28	36	-9.99999978E-03
28	37	-9.99999978E-03
28	38	-9.99999978E-03
28	39	-9.99999978E-03
28	40	-9.99999978E-03
28	41	-9.99999978E-03
28	42	-9.99999978E-03
28	43	-9.99999978E-03
28	44	-9.99999978E-03
28	45	-9.99999978E-03
28	46	-9.99999978E-03
28	47	-9.99999978E-03
28	48	-9.99999978E-03
28	49	-9.99999978E-03
28	50	-9.99999978E-03
28	51	-9.99999978E-03
28	52	-9.99999978E-03
28	53	-9.99999978E-03
28	54	-9.99999978E-03
28	55	-9.99999978E-03
28	56	-9.99999978E-03
28	57	-9.99999978E-03
28	58	-9.99999978E-03
28	59	-9.99999978E-03
28	60	-9.99999978E-03
28	61	-9.99999978E-03
28	62	-9.99999978E-03
28	63	-9.99999978E-03
28	64	-9.99999978E-03
28	65	-9.99999978E-03
28	66	-9.99999978E-03
28	67	-9.99999978E-03
28	68	-9.99999978E-03
28	69	-9.99999978E-03
28	70	-9.99999978E-03
28	71	-9.99999978E-03
28	72	-9.99999978E-03
28	73	-9.99999978E-03
28	74	-9.99999978E-03
28	75	-9.99999978E-03
28	76	-9.99999978E-03
29	31	-9.99999978E-03
29	32	-9.99999978E-03
29	33	-9.99999978E-03
29	34	-9.99999978E-03
29	35	-9.99999978E-03
29	36	-9.99999978E-03
29	37	-9.99999978E-03
29	38	-9.99999978E-03
29	39	-9.99999978E-03
29	40	-9.99999978E-03
29	41	-9.99999978E-03
29	42	-9.99999978E-03
29	43	-9.99999978E-03
29	44	-9.99999978E-03
29	45	-9.99999978E-03
29	46	-9.99999978E-03
29	47	-9.99999978E-03
29	48	-9.99999978E-03
29	49	-9.99999978E-03
29	50	-9.99999978E-03
29	51	-9.99999978E-03
29	52	-9.99999978E-03
29	53	-9.99999978E-03
29	54	-9.99999978E-03
29	55	-9.99999978E-03
29	56	-9.99999978E-03
29	57	-9.99999978E-03
29	58	-9.99999978E-03
29	59	-9.99999978E-03
29	60	-9.99999978E-03
29	61	-9.99999978E-03
29	62	-9.99999978E-03
29	63	-9.99999978E-03
29	64	-9.99999978E-03
29	65	-9.99999978E-03
29	66	-9.99999978E-03
29	67	-9.99999978E-03
29	68	-9.99999978E-03
29	69	-9.99999978E-03
29	70	-9.99999978E-03
29	71	-9.99999978E-03
29	72	-9.99999978E-03
29	73	-9.99999978E-03
29	74	-9.99999978E-03
29	75	-9.99999978E-03
29	76	-9.99999978E-03
30	32	-9.99999978E-03
30	33	-9.99999978E-03
30	34	-9.99999978E-03
30	35	-9.99999978E-03
30	36	-9.99999978E-03
30	37	-9.99999978E-03
30	38	-9.99999978E-03
30	39	-9.99999978E-03
30	40	-9.99999978E-03
30	41	-9.99999978E-03
30	42	-9.99999978E-03
30	43	-9.99999978E-03
30	44	-9.99999978E-03
30	45	-9.99999978E-03
30	46	-9.99999978E-03
30	47	-9.99999978E-03
30	48	-9.99999978E-03
30	49	-9.99999978E-03
30	50	-9.99999978E-03
30	51	-9.99999978E-03
30	52	-9.99999978E-03
30	53	-9.99999978E-03
30	54	-9.99999978E-03
30	55	-9.99999978E-03
30	56	-9.99999978E-03
30	57	-9.99999978E-03
30	58	-9.99999978E-03
30	59	-9.99999978E-03
30	60	-9.99999978E-03
30	61	-9.99999978E-03
30	62	-9.99999978E-03
30	63	-9.99999978E-03
30	64	-9.99999978E-03
30	65	-9.99999978E-03
30	66	-9.99999978E-03
30	67	-9.99999978E-03
30	68	-9.99999978E-03
30	69	-9.99999978E-03
30	70	-9.99999978E-03
30	71	-9.99999978E-03
30	72	-9.99999978E-03
30	73	-9.99999978E-03
30	74	-9.99999978E-03
30	75	-9.99999978E-03
30	76	-9.99999978E-03
31	33	-9.99999978E-03
31	34	-9.99999978E-03
31	35	-9.99999978E-03
31	36	-9.99999978E-03
31	37	-9.99999978E-03
31	38	-9.99999978E-03
31	39	-9.99999978E-03
31	40	-9.99999978E-03
31	41	-9.99999978E-03
31	42	-9.99999978E-03
31	43	-9.99999978E-03
31	44	-9.99999978E-03
31	45	-9.99999978E-03
31	46	-9.99999978E-03
31	47	-9.99999978E-03
31	48	-9.99999978E-03
31	49	-9.99999978E-03
31	50	-9.99999978E-03
31	51	-9.99999978E-03
31	52	-9.99999978E-03
31	53	-9.99999978E-03
31	54	-9.99999978E-03
31	55	-9.99999978E-03
31	56	-9.99999978E-03
31	57	-9.99999978E-03
31	58	-9.99999978E-03
31	59	-9.99999978E-03
31	60	-9.99999978E-03
31	61	-9.99999978E-03
31	62	-9.99999978E-03
31	63	-9.99999978E-03
31	64	-9.99999978E-03
31	65	-9.99999978E-03
31	66	-9.99999978E-03
31	67	-9.99999978E-03
31	68	-9.99999978E-03
31	69	-9.99999978E-03
31	70	-9.99999978E-03
31	71	-9.99999978E-03
31	72	-9.99999978E-03
31	73	-9.99999978E-03
31	74	-9.99999978E-03
31	75	-9.99999978E-03
31	76	-9.99999978E-03
32	34	-9.99999978E-03
32	35	-9.99999978E-03
32	36	-9.99999978E-03
32	37	-9.99999978E-03
32	38	-9.99999978E-03
32	39	-9.99999978E-03
32	40	-9.99999978E-03
32	41	-9.99999978E-03
32	42	-9.99999978E-03
32	43	-9.99999978E-03
32	44	-9.99999978E-03
32	45	-9.99999978E-03
32	46	-9.99999978E-03
32	47	-9.99999978E-03
32	48	-9.99999978E-03
32	49	-9.99999978E-03
32	50	-9.99999978E-03
32	51	-9.99999978E-03
32	52	-9.99999978E-03
32	53	-9.99999978E-03
32	54	-9.99999978E-03
32	55	-9.99999978E-03
32	56	-9.99999978E-03
32	57	-9.99999978E-03
32	58	-9.99999978E-03
32	59	-9.99999978E-03
32	60	-9.99999978E-03
32	61	-9.99999978E-03
32	62	-9.99999978E-03
32	63	-9.99999978E-03
32	64	-9.99999978E-03
32	65	-9.99999978E-03
32	66	-9.99999978E-03
32	67	-9.99999978E-03
32	68	-9.99999978E-03
32	69	-9.99999978E-03
32	70	-9.99999978E-03
32	71	-9.99999978E-03
32	72	-9.99999978E-03
32	73	-9.99999978E-03
32	74	-9.99999978E-03
32	75	-9.99999978E-03
32	76	-9.99999978E-03
33	35	-9.99999978E-03
33	36	-9.99999978E-03
33	37	-9.99999978E-03
33	38	-9.99999978E-03
33	39	-9.99999978E-03
33	40	-9.99999978E-03
33	41	-9.99999978E-03
33	42	-9.99999978E-03
33	43	-9.99999978E-03
33	44	-9.99999978E-03
33	45	-9.99999978E-03
33	46	-9.99999978E-03
33	47	-9.99999978E-03
33	48	-9.99999978E-03
33	49	-9.99999978E-03
33	50	-9.99999978E-03
33	51	-9.99999978E-03
33	52	-9.99999978E-03
33	53	-9.99999978E-03
33	54	-9.99999978E-03
33	55	-9.99999978E-03
33	56	-9.99999978E-03
33	57	-9.99999978E-03
33	58	-9.99999978E-03
33	59	-9.99999978E-03
33	60	-9.99999978E-03
33	61	-9.99999978E-03
33	62	-9.99999978E-03
33	63	-9.99999978E-03
33	64	-9.99999978E-03
33	65	-9.99999978E-03
33	66	-9.99999978E-03
33	67	-9.99999978E-03
33	68	-9.99999978E-03
33	69	-9.99999978E-03
33	70	-9.99999978E-03
33	71	-9.99999978E-03
33	72	-9.99999978E-03
33	73	-9.99999978E-03
33	74	-9.99999978E-03
33	75	-9.99999978E-03
33	76	-9.99999978E-03
34	36	-9.99999978E-03
34	37	-9.99999978E-03
34	38	-9.99999978E-03
34	39	-9.99999978E-03
34	40	-9.99999978E-03
34	41	-9.99999978E-03
34	42	-9.99999978E-03
34	43	-9.99999978E-03
34	44	-9.99999978E-03
34	45	-9.99999978E-03
34	46	-9.99999978E-03
34	47	-9.99999978E-03
34	48	-9.99999978E-03
34	49	-9.99999978E-03
34	50	-9.99999978E-03
34	51	-9.99999978E-03
34	52	-9.99999978E-03
34	53	-9.99999978E-03
34	54	-9.99999978E-03
34	55	-9.99999978E-03
34	56	-9.99999978E-03
34	57	-9.99999978E-03
34	58	-9.99999978E-03
34	59	-9.99999978E-03
34	60	-9.99999978E-03
34	61	-9.99999978E-03
34	62	-9.99999978E-03
34	63	-9.99999978E-03
34	64	-9.99999978E-03
34	65	-9.99999978E-03
34	66	-9.99999978E-03
34	67	-9.99999978E-03
34	68	-9.99999978E-03
34	69	-9.99999978E-03
34	70	-9.99999978E-03
34	71	-9.99999978E-03
34	72	-9.99999978E-03
34	73	-9.99999978E-03
34	74	-9.99999978E-03
34	75	-9.99999978E-03
34	76	-9.99999978E-03
35	37	-9.99999978E-03
35	38	-9.99999978E-03
35	39	-9.99999978E-03
35	40	-9.99999978E-03
35	41	-9.99999978E-03
35	42	-9.99999978E-03
35	43	-9.99999978E-03
35	44	-9.99999978E-03
35	45	-9.99999978E-03
35	46	-9.99999978E-03
35	47	-9.99999978E-03
35	48	-9.99999978E-03
35	49	-9.99999978E-03
35	50	-9.99999978E-03
35	51	-9.99999978E-03
35	52	-9.99999978E-03
35	53	-9.99999978E-03
35	54	-9.99999978E-03
35	55	-9.99999978E-03
35	56	-9.99999978E-03
35	57	-9.99999978E-03
35	58	-9.99999978E-03
35	59	-9.99999978E-03
35	60	-9.99999978E-03
35	61	-9.99999978E-03
35	62	-9.99999978E-03
35	63	-9.99999978E-03
35	64	-9.99999978E-03
35	65	-9.99999978E-03
35	66	-9.99999978E-03
35	67	-9.99999978E-03
35	68	-9.99999978E-03
35	69	-9.99999978E-03
35	70	-9.99999978E-03
35	71	-9.99999978E-03
35	72	-9.99999978E-03
35	73	-9.99999978E-03
35	74	-9.99999978E-03
35	75	-9.99999978E-03
35	76	-9.99999978E-03
36	38	-9.99999978E-03
36	39	-9.99999978E-03
36	40	-9.99999978E-03
36	41	-9.99999978E-03
36	42	-9.99999978E-03
36	43	-9.99999978E-03
36	44	-9.99999978E-03
36	45	-9.99999978E-03
36	46	-9.99999978E-03
36	47	-9.99999978E-03
36	48	-9.99999978E-03
36	49	-9.99999978E-03
36	50	-9.99999978E-03
36	51	-9.99999978E-03
36	52	-9.99999978E-03
36	53	-9.99999978E-03
36	54	-9.99999978E-03
36	55	-9.99999978E-03
36	56	-9.99999978E-03
36	57	-9.99999978E-03
36	58	-9.99999978E-03
36	59	-9.99999978E-03
36	60	-9.99999978E-03
36	61	-9.99999978E-03
36	62	-9.99999978E-03
36	63	-9.99999978E-03
36	64	-9.99999978E-03
36	65	-9.99999978E-03
36	66	-9.99999978E-03
36	67	-9.99999978E-03
36	68	-9.99999978E-03
36	69	-9.99999978E-03
36	70	-9.99999978E-03
36	71	-9.99999978E-03
36	72	-9.99999978E-03
36	73	-9.99999978E-03
36	74	-9.99999978E-03
36	75	-9.99999978E-03
36	76	-9.99999978E-03
37	39	-9.99999978E-03
37	40	-9.99999978E-03
37	41	-9.99999978E-03
37	42	-9.99999978E-03
37	43	-9.99999978E-03
37	44	-9.99999978E-03
37	45	-9.99999978E-03
37	46	-9.99999978E-03
37	47	-9.99999978E-03
37	48	-9.99999978E-03
37	49	-9.99999978E-03
37	50	-9.99999978E-03
37	51	-9.99999978E-03
37	52	-9.99999978E-03
37	53	-9.99999978E-03
37	54	-9.99999978E-03
37	55	-9.99999978E-03
37	56	-9.99999978E-03
37	57	-9.99999978E-03
37	58	-9.99999978E-03
37	59	-9.99999978E-03
37	60	-9.99999978E-03
37	61	-9.99999978E-03
37	62	-9.99999978E-03
37	63	-9.99999978E-03
37	64	-9.99999978E-03
37	65	-9.99999978E-03
37	66	-9.99999978E-03
37	67	-9.99999978E-03
37	68	-9.99999978E-03
37	69	-9.99999978E-03
37	70	-9.99999978E-03
37	71	-9.99999978E-03
37	72	-9.99999978E-03
37	73	-9.99999978E-03
37	74	-9.99999978E-03
37	75	-9.99999978E-03
37	76	-9.99999978E-03
38	40	-9.99999978E-03
38	41	-9.99999978E-03
38	42	-9.99999978E-03
38	43	-9.99999978E-03
38	44	-9.99999978E-03
38	45	-9.99999978E-03
38	46	-9.99999978E-03
38	47	-9.99999978E-03
38	48	-9.99999978E-03
38	49	-9.99999978E-03
38	50	-9.99999978E-03
38	51	-9.99999978E-03
38	52	-9.99999978E-03
38	53	-9.99999978E-03
38	54	-9.99999978E-03
38	55	-9.99999978E-03
38	56	-9.99999978E-03
38	57	-9.99999978E-03
38	58	-9.99999978E-03
38	59	-9.99999978E-03
38	60	-9.99999978E-03
38	61	-9.99999978E-03
38	62	-9.99999978E-03
38	63	-9.99999978E-03
38	64	-9.99999978E-03
38	65	-9.99999978E-03
38	66	-9.99999978E-03
38	67	-9.99999978E-03
38	68	-9.99999978E-03
38	69	-9.99999978E-03
38	70	-9.99999978E-03
38	71	-9.99999978E-03
38	72	-9.99999978E-03
38	73	-9.99999978E-03
38	74	-9.99999978E-03
38	75	-9.99999978E-03
38	76	-9.99999978E-03
39	41	-9.99999978E-03
39	42	-9.99999978E-03
39	43	-9.99999978E-03
39	44	-9.99999978E-03
39	45	-9.99999978E-03
39	46	-9.99999978E-03
39	47	-9.99999978E-03
39	48	-9.99999978E-03
39	49	-9.99999978E-03
39	50	-9.99999978E-03
39	51	-9.99999978E-03
39	52	-9.99999978E-03
39	53	-9.99999978E-03
39	54	-9.99999978E-03
39	55	-9.99999978E-03
39	56	-9.99999978E-03
39	57	-9.99999978E-03
39	58	-9.99999978E-03
39	59	-9.99999978E-03
39	60	-9.99999978E-03
39	61	-9.99999978E-03
39	62	-9.99999978E-03
39	63	-9.99999978E-03
39	64	-9.99999978E-03
39	65	-9.99999978E-03
39	66	-9.99999978E-03
39	67	-9.99999978E-03
39	68	-9.99999978E-03
39	69	-9.99999978E-03
39	70	-9.99999978E-03
39	71	-9.99999978E-03
39	72	-9.99999978E-03
39	73	-9.99999978E-03
39	74	-9.99999978E-03
39	75	-9.99999978E-03
39	76	-9.99999978E-03
40	42	-9.99999978E-03
40	43	-9.99999978E-03
40	44	-9.99999978E-03
40	45	-9.99999978E-03
40	46	-9.99999978E-03
40	47	-9.99999978E-03
40	48	-9.99999978E-03
40	49	-9.99999978E-03
40	50	-9.99999978E-03
40	51	-9.99999978E-03
40	52	-9.99999978E-03
40	53	-9.99999978E-03
40	54	-9.99999978E-03
40	55	-9.99999978E-03
40	56	-9.99999978E-03
40	57	-9.99999978E-03
40	58	-9.99999978E-03
40	59	-9.99999978E-03
40	60	-9.99999978E-03
40	61	-9.99999978E-03
40	62	-9.99999978E-03
40	63	-9.99999978E-03
40	64	-9.99999978E-03
40	65	-9.99999978E-03
40	66	-9.99999978E-03
40	67	-9.99999978E-03
40	68	-9.99999978E-03
40	69	-9.99999978E-03
40	70	-9.99999978E-03
40	71	-9.99999978E-03
40	72	-9.99999978E-03
40	73	-9.99999978E-03
40	74	-9.99999978E-03
40	75	-9.99999978E-03
40	76	-9.99999978E-03
41	43	-9.99999978E-03
41	44	-9.99999978E-03
41	45	-9.99999978E-03
41	46	-9.99999978E-03
41	47	-9.99999978E-03
41	48	-9.99999978E-03
41	49	-9.99999978E-03
41	50	-9.99999978E-03
41	51	-9.99999978E-03
41	52	-9.99999978E-03
41	53	-9.99999978E-03
41	54	-9.99999978E-03
41	55	-9.99999978E-03
41	56	-9.99999978E-03
41	57	-9.99999978E-03
41	58	-9.99999978E-03
41	59	-9.99999978E-03
41	60	-9.99999978E-03
41	61	-9.99999978E-03
41	62	-9.99999978E-03
41	63	-9.99999978E-03
41	64	-9.99999978E-03
41	65	-9.99999978E-03
41	66	-9.99999978E-03
41	67	-9.99999978E-03
41	68	-9.99999978E-03
41	69	-9.99999978E-03
41	70	-9.99999978E-03
41	71	-9.99999978E-03
41	72	-9.99999978E-03
41	73	-9.99999978E-03
41	74	-9.99999978E-03
41	75	-9.99999978E-03
41	76	-9.99999978E-03
42	44	-9.99999978E-03
42	45	-9.99999978E-03
42	46	-9.99999978E-03
42	47	-9.99999978E-03
42	48	-9.99999978E-03
42	49	-9.99999978E-03
42	50	-9.99999978E-03
42	51	-9.99999978E-03
42	52	-9.99999978E-03
42	53	-9.99999978E-03
42	54	-9.99999978E-03
42	55	-9.99999978E-03
42	56	-9.99999978E-03
42	57	-9.99999978E-03
42	58	-9.99999978E-03
42	59	-9.99999978E-03
42	60	-9.99999978E-03
42	61	-9.99999978E-03
42	62	-9.99999978E-03
42	63	-9.99999978E-03
42	64	-9.99999978E-03
42	65	-9.99999978E-03
42	66	-9.99999978E-03
42	67	-9.99999978E-03
42	68	-9.99999978E-03
42	69	-9.99999978E-03
42	70	-9.99999978E-03
42	71	-9.99999978E-03
42	72	-9.99999978E-03
42	73	-9.99999978E-03
42	74	-9.99999978E-03
42	75	-9.99999978E-03
42	76	-9.99999978E-03
43	45	-9.99999978E-03
43	46	-9.99999978E-03
43	47	-9.99999978E-03
43	48	-9.99999978E-03
43	49	-9.99999978E-03
43	50	-9.99999978E-03
43	51	-9.99999978E-03
43	52	-9.99999978E-03
43	53	-9.99999978E-03
43	54	-9.99999978E-03
43	55	-9.99999978E-03
43	56	-9.99999978E-03
43	57	-9.99999978E-03
43	58	-9.99999978E-03
43	59	-9.99999978E-03
43	60	-9.99999978E-03
43	61	-9.99999978E-03
43	62	-9.99999978E-03
43	63	-9.99999978E-03
43	64	-9.99999978E-03
43	65	-9.99999978E-03
43	66	-9.99999978E-03
43	67	-9.99999978E-03
43	68	-9.99999978E-03
43	69	-9.99999978E-03
43	70	-9.99999978E-03
43	71	-9.99999978E-03
43	72	-9.99999978E-03
43	73	-9.99999978E-03
43	74	-9.99999978E-03
43	75	-9.99999978E-03
43	76	-9.99999978E-03
44	46	-9.99999978E-03
44	47	-9.99999978E-03
44	48	-9.99999978E-03
44	49	-9.99999978E-03
44	50	-9.99999978E-03
44	51	-9.99999978E-03
44	52	-9.99999978E-03
44	53	-9.99999978E-03
44	54	-9.99999978E-03
44	55	-9.99999978E-03
44	56	-9.99999978E-03
44	57	-9.99999978E-03
44	58	-9.99999978E-03
44	59	-9.99999978E-03
44	60	-9.99999978E-03
44	61	-9.99999978E-03
44	62	-9.99999978E-03
44	63	-9.99999978E-03
44	64	-9.99999978E-03
44	65	-9.99999978E-03
44	66	-9.99999978E-03
44	67	-9.99999978E-03
44	68	-9.99999978E-03
44	69	-9.99999978E-03
44	70	-9.99999978E-03
44	71	-9.99999978E-03
44	72	-9.99999978E-03
44	73	-9.99999978E-03
44	74	-9.99999978E-03
44	75	-9.99999978E-03
44	76	-9.99999978E-03
45	47	-9.99999978E-03
45	48	-9.99999978E-03
45	49	-9.99999978E-03
45	50	-9.99999978E-03
45	51	-9.99999978E-03
45	52	-9.99999978E-03
45	53	-9.99999978E-03
45	54	-9.99999978E-03
45	55	-9.99999978E-03
45	56	-9.99999978E-03
45	57	-9.99999978E-03
45	58	-9.99999978E-03
45	59	-9.99999978E-03
45	60	-9.99999978E-03
45	61	-9.99999978E-03
45	62	-9.99999978E-03
45	63	-9.99999978E-03
45	64	-9.99999978E-03
45	65	-9.99999978E-03
45	66	-9.99999978E-03
45	67	-9.99999978E-03
45	68	-9.99999978E-03
45	69	-9.99999978E-03
45	70	-9.99999978E-03
45	71	-9.99999978E-03
45	72	-9.99999978E-03
45	73	-9.99999978E-03
45	74	-9.99999978E-03
45	75	-9.99999978E-03
45	76	-9.99999978E-03
46	48	-9.99999978E-03
46	49	-9.99999978E-03
46	50	-9.99999978E-03
46	51	-9.99999978E-03
46	52	-9.99999978E-03
46	53	-9.99999978E-03
46	54	-9.99999978E-03
46	55	-9.99999978E-03
46	56	-9.99999978E-03
46	57	-9.99999978E-03
46	58	-9.99999978E-03
46	59	-9.99999978E-03
46	60	-9.99999978E-03
46	61	-9.99999978E-03
46	62	-9.99999978E-03
46	63	-9.99999978E-03
46	64	-9.99999978E-03
46	65	-9.99999978E-03
46	66	-9.99999978E-03
46	67	-9.99999978E-03
46	68	-9.99999978E-03
46	69	-9.99999978E-03
46	70	-9.99999978E-03
46	71	-9.99999978E-03
46	72	-9.99999978E-03
46	73	-9.99999978E-03
46	74	-9.99999978E-03
46	75	-9.99999978E-03
46	76	-9.99999978E-03
47	49	-9.99999978E-03
47	50	-9.99999978E-03
47	51	-9.99999978E-03
47	52	-9.99999978E-03
47	53	-9.99999978E-03
47	54	-9.99999978E-03
47	55	-9.99999978E-03
47	56	-9.99999978E-03
47	57	-9.99999978E-03
47	58	-9.99999978E-03
47	59	-9.99999978E-03
47	60	-9.99999978E-03
47	61	-9.99999978E-03
47	62	-9.99999978E-03
47	63	-9.99999978E-03
47	64	-9.99999978E-03
47	65	-9.99999978E-03
47	66	-9.99999978E-03
47	67	-9.99999978E-03
47	68	-9.99999978E-03
47	69	-9.99999978E-03
47	70	-9.99999978E-03
47	71	-9.99999978E-03
47	72	-9.99999978E-03
47	73	-9.99999978E-03
47	74	-9.99999978E-03
47	75	-9.99999978E-03
47	76	-9.99999978E-03
48	50	-9.99999978E-03
48	51	-9.99999978E-03
48	52	-9.99999978E-03
48	53	-9.99999978E-03
48	54	-9.99999978E-03
48	55	-9.99999978E-03
48	56	-9.99999978E-03
48	57	-9.99999978E-03
48	58	-9.99999978E-03
48	59	-9.99999978E-03
48	60	-9.99999978E-03
48	61	-9.99999978E-03
48	62	-9.99999978E-03
48	63	-9.99999978E-03
48	64	-9.99999978E-03
48	65	-9.99999978E-03
48	66	-9.99999978E-03
48	67	-9.99999978E-03
48	68	-9.99999978E-03
48	69	-9.99999978E-03
48	70	-9.99999978E-03
48	71	-9.99999978E-03
48	72	-9.99999978E-03
48	73	-9.99999978E-03
48	74	-9.99999978E-03
48	75	-9.99999978E-03
48	76	-9.99999978E-03
49	51	-9.99999978E-03
49	52	-9.99999978E-03
49	53	-9.99999978E-03
49	54	-9.99999978E-03
49	55	-9.99999978E-03
49	56	-9.99999978E-03
49	57	-9.99999978E-03
49	58	-9.99999978E-03
49	59	-9.99999978E-03
49	60	-9.99999978E-03
49	61	-9.99999978E-03
49	62	-9.99999978E-03
49	63	-9.99999978E-03
49	64	-9.99999978E-03
49	65	-9.99999978E-03
49	66	-9.99999978E-03
49	67	-9.99999978E-03
49	68	-9.99999978E-03
49	69	-9.99999978E-03
49	70	-9.99999978E-03
49	71	-9.99999978E-03
49	72	-9.99999978E-03
49	73	-9.99999978E-03
49	74	-9.99999978E-03
49	75	-9.99999978E-03
49	76	-9.99999978E-03
50	52	-9.99999978E-03
50	53	-9.99999978E-03
50	54	-9.99999978E-03
50	55	-9.99999978E-03
50	56	-9.99999978E-03
50	57	-9.99999978E-03
50	58	-9.99999978E-03
50	59	-9.99999978E-03
50	60	-9.99999978E-03
50	61	-9.99999978E-03
50	62	-9.99999978E-03
50	63	-9.99999978E-03
50	64	-9.99999978E-03
50	65	-9.99999978E-03
50	66	-9.99999978E-03
50	67	-9.99999978E-03
50	68	-9.99999978E-03
50	69	-9.99999978E-03
50	70	-9.99999978E-03
50	71	-9.99999978E-03
50	72	-9.99999978E-03
50	73	-9.99999978E-03
50	74	-9.99999978E-03
50	75	-9.99999978E-03
50	76	-9.99999978E-03
51	53	-9.99999978E-03
51	54	-9.99999978E-03
51	55	-9.99999978E-03
51	56	-9.99999978E-03
51	57	-9.99999978E-03
51	58	-9.99999978E-03
51	59	-9.99999978E-03
51	60	-9.99999978E-03
51	61	-9.99999978E-03
51	62	-9.99999978E-03
51	63	-9.99999978E-03
51	64	-9.99999978E-03
51	65	-9.99999978E-03
51	66	-9.99999978E-03
51	67	-9.99999978E-03
51	68	-9.99999978E-03
51	69	-9.99999978E-03
51	70	-9.99999978E-03
51	71	-9.99999978E-03
51	72	-9.99999978E-03
51	73	-9.99999978E-03
51	74	-9.99999978E-03
51	75	-9.99999978E-03
51	76	-9.99999978E-03
52	54	-9.99999978E-03
52	55	-9.99999978E-03
52	56	-9.99999978E-03
52	57	-9.99999978E-03
52	58	-9.99999978E-03
52	59	-9.99999978E-03
52	60	-9.99999978E-03
52	61	-9.99999978E-03
52	62	-9.99999978E-03
52	63	-9.99999978E-03
52	64	-9.99999978E-03
52	65	-9.99999978E-03
52	66	-9.99999978E-03
52	67	-9.99999978E-03
52	68	-9.99999978E-03
52	69	-9.99999978E-03
52	70	-9.99999978E-03
52	71	-9.99999978E-03
52	72	-9.99999978E-03
52	73	-9.99999978E-03
52	74	-9.99999978E-03
52	75	-9.99999978E-03
52	76	-9.99999978E-03
53	55	-9.99999978E-03
53	56	-9.99999978E-03
53	57	-9.99999978E-03
53	58	-9.99999978E-03
53	59	-9.99999978E-03
53	60	-9.99999978E-03
53	61	-9.99999978E-03
53	62	-9.99999978E-03
53	63	-9.99999978E-03
53	64	-9.99999978E-03
53	65	-9.99999978E-03
53	66	-9.99999978E-03
53	67	-9.99999978E-03
53	68	-9.99999978E-03
53	69	-9.99999978E-03
53	70	-9.99999978E-03
53	71	-9.99999978E-03
53	72	-9.99999978E-03
53	73	-9.99999978E-03
53	74	-9.99999978E-03
53	75	-9.99999978E-03
53	76	-9.99999978E-03
54	56	-9.99999978E-03
54	57	-9.99999978E-03
54	58	-9.99999978E-03
54	59	-9.99999978E-03
54	60	-9.99999978E-03
54	61	-9.99999978E-03
54	62	-9.99999978E-03
54	63	-9.99999978E-03
54	64	-9.99999978E-03
54	65	-9.99999978E-03
54	66	-9.99999978E-03
54	67	-9.99999978E-03
54	68	-9.99999978E-03
54	69	-9.99999978E-03
54	70	-9.99999978E-03
54	71	-9.99999978E-03
54	72	-9.99999978E-03
54	73	-9.99999978E-03
54	74	-9.99999978E-03
54	75	-9.99999978E-03
54	76	-9.99999978E-03
55	57	-9.99999978E-03
55	58	-9.99999978E-03
55	59	-9.99999978E-03
55	60	-9.99999978E-03
55	61	-9.99999978E-03
55	62	-9.99999978E-03
55	63	-9.99999978E-03
55	64	-9.99999978E-03
55	65	-9.99999978E-03
55	66	-9.99999978E-03
55	67	-9.99999978E-03
55	68	-9.99999978E-03
55	69	-9.99999978E-03
55	70	-9.99999978E-03
55	71	-9.99999978E-03
55	72	-9.99999978E-03
55	73	-9.99999978E-03
55	74	-9.99999978E-03
55	75	-9.99999978E-03
55	76	-9.99999978E-03
56	58	-9.99999978E-03
56	59	-9.99999978E-03
56	60	-9.99999978E-03
56	61	-9.99999978E-03
56	62	-9.99999978E-03
56	63	-9.99999978E-03
56	64	-9.99999978E-03
56	65	-9.99999978E-03
56	66	-9.99999978E-03
56	67	-9.99999978E-03
56	68	-9.99999978E-03
56	69	-9.99999978E-03
56	70	-9.99999978E-03
56	71	-9.99999978E-03
56	72	-9.99999978E-03
56	73	-9.99999978E-03
56	74	-9.99999978E-03
56	75	-9.99999978E-03
56	76	-9.99999978E-03
57	59	-9.99999978E-03
57	60	-9.99999978E-03
57	61	-9.99999978E-03
57	62	-9.99999978E-03
57	63	-9.99999978E-03
57	64	-9.99999978E-03
57	65	-9.99999978E-03
57	66	-9.99999978E-03
57	67	-9.99999978E-03
57	68	-9.99999978E-03
57	69	-9.99999978E-03
57	70	-9.99999978E-03
57	71	-9.99999978E-03
57	72	-9.99999978E-03
57	73	-9.99999978E-03
57	74	-9.99999978E-03
57	75	-9.99999978E-03
57	76	-9.99999978E-03
58	60	-9.99999978E-03
58	61	-9.99999978E-03
58	62	-9.99999978E-03
58	63	-9.99999978E-03
58	64	-9.99999978E-03
58	65	-9.99999978E-03
58	66	-9.99999978E-03
58	67	-9.99999978E-03
58	68	-9.99999978E-03
58	69	-9.99999978E-03
58	70	-9.99999978E-03
58	71	-9.99999978E-03
58	72	-9.99999978E-03
58	73	-9.99999978E-03
58	74	-9.99999978E-03
58	75	-9.99999978E-03
58	76	-9.99999978E-03
59	61	-9.99999978E-03
59	62	-9.99999978E-03
59	63	-9.99999978E-03
59	64	-9.99999978E-03
59	65	-9.99999978E-03
59	66	-9.99999978E-03
59	67	-9.99999978E-03
59	68	-9.99999978E-03
59	69	-9.99999978E-03
59	70	-9.99999978E-03
59	71	-9.99999978E-03
59	72	-9.99999978E-03
59	73	-9.99999978E-03
59	74	-9.99999978E-03
59	75	-9.99999978E-03
59	76	-9.99999978E-03
60	62	-9.99999978E-03
60	63	-9.99999978E-03
60	64	-9.99999978E-03
60	65	-9.99999978E-03
60	66	-9.99999978E-03
60	67	-9.99999978E-03
60	68	-9.99999978E-03
60	69	-9.99999978E-03
60	70	-9.99999978E-03
60	71	-9.99999978E-03
60	72	-9.99999978E-03
60	73	-9.99999978E-03
60	74	-9.99999978E-03
60	75	-9.99999978E-03
60	76	-9.99999978E-03
61	63	-9.99999978E-03
61	64	-9.99999978E-03
61	65	-9.99999978E-03
61	66	-9.99999978E-03
61	67	-9.99999978E-03
61	68	-9.99999978E-03
61	69	-9.99999978E-03
61	70	-9.99999978E-03
61	71	-9.99999978E-03
61	72	-9.99999978E-03
61	73	-9.99999978E-03
61	74	-9.99999978E-03
61	75	-9.99999978E-03
61	76	-9.99999978E-03
62	64	-9.99999978E-03
62	65	-9.99999978E-03
62	66	-9.99999978E-03
62	67	-9.99999978E-03
62	68	-9.99999978E-03
62	69	-9.99999978E-03
62	70	-9.99999978E-03
62	71	-9.99999978E-03
62	72	-9.99999978E-03
62	73	-9.99999978E-03
62	74	-9.99999978E-03
62	75	-9.99999978E-03
62	76	-9.99999978E-03
63	65	-9.99999978E-03
63	66	-9.99999978E-03
63	67	-9.99999978E-03
63	68	-9.99999978E-03
63	69	-9.99999978E-03
63	70	-9.99999978E-03
63	71	-9.99999978E-03
63	72	-9.99999978E-03
63	73	-9.99999978E-03
63	74	-9.99999978E-03
63	75	-9.99999978E-03
63	76	-9.99999978E-03
64	66	-9.99999978E-03
64	67	-9.99999978E-03
64	68	-9.99999978E-03
64	69	-9.99999978E-03
64	70	-9.99999978E-03
64	71	-9.99999978E-03
64	72	-9.99999978E-03
64	73	-9.99999978E-03
64	74	-9.99999978E-03
64	75	-9.99999978E-03
64	76	-9.99999978E-03
65	67	-9.99999978E-03
65	68	-9.99999978E-03
65	69	-9.99999978E-03
65	70	-9.99999978E-03
65	71	-9.99999978E-03
65	72	-9.99999978E-03
65	73	-9.99999978E-03
65	74	-9.99999978E-03
65	75	-9.99999978E-03
65	76	-9.99999978E-03
66	68	-9.99999978E-03
66	69	-9.99999978E-03
66	70	-9.99999978E-03
66	71	-9.99999978E-03
66	72	-9.99999978E-03
66	73	-9.99999978E-03
66	74	-9.99999978E-03
66	75	-9.99999978E-03
66	76	-9.99999978E-03
67	69	-9.99999978E-03
67	70	-9.99999978E-03
67	71	-9.99999978E-03
67	72	-9.99999978E-03
67	73	-9.99999978E-03
67	74	-9.99999978E-03
67	75	-9.99999978E-03
67	76	-9.99999978E-03
68	70	-9.99999978E-03
68	71	-9.99999978E-03
68	72	-9.99999978E-03
68	73	-9.99999978E-03
68	74	-9.99999978E-03
68	75	-9.99999978E-03
68	76	-9.99999978E-03
69	71	-9.99999978E-03
69	72	-9.99999978E-03
69	73	-9.99999978E-03
69	74	-9.99999978E-03
69	75	-9.99999978E-03
69	76	-9.99999978E-03
70	72	-9.99999978E-03
70	73	-9.99999978E-03
70	74	-9.99999978E-03
70	75	-9.99999978E-03
70	76	-9.99999978E-03
71	73	-9.99999978E-03
71	74	-9.99999978E-03
71	75	-9.99999978E-03
71	76	-9.99999978E-03
72	74	-9.99999978E-03
72	75	-9.99999978E-03
72	76	-9.99999978E-03
73	75	-9.99999978E-03
73	76	-9.99999978E-03
74	76	-9.99999978E-03
