1	3	0.4693673650792963
1	4	0.007382911806605005
1	5	0.001353569432408338
1	6	0.0009674880311019864
1	7	0.0004964858944048269
1	8	0.0005692164198003539
1	9	0.00045999945136130976
1	10	0.0013243283455704267
1	11	0.0018130452790290062
1	12	0.0029872436970227213
1	13	0.0037540125450753925
1	14	0.009500887193137582
1	15	0.014050165512105917
1	16	0.2541152098234531
1	17	0.23591387317557183
1	18	0.13845236921033988
1	19	0.016576688856852064
1	20	0.009440455877900732
1	21	0.011487298472987998
1	22	0.005569526599778401
1	23	0.0055684069636582215
1	24	0.0020572441907265623
1	25	0.0038021493879837045
1	26	0.00905336992790698
1	27	0.0029533294348171586
1	28	0.003267306868604458
1	29	0.007581059832054932
1	30	0.005580751821494915
1	31	0.0015025083931585795
1	32	0.00254126138139606
1	33	0.0033424794710957264
1	34	0.0017746794285400918
1	35	0.0009668727775094032
1	36	0.001431249089285517
1	37	0.000785669286629505
1	38	0.0006429814670944192
1	39	0.001000194685124895
1	40	0.0005548771831348617
1	41	0.0003706697657534827
1	42	0.000641177015563912
1	43	0.0011075836085418856
1	44	0.0007151596159159636
1	45	0.0010746589120263319
1	46	0.0016289348269826539
1	47	0.0009451637664131794
1	48	0.0007377568216426504
1	49	0.0012957533179221113
1	50	0.0011129657672088497
1	51	0.0012290710006482883
1	52	0.001321819608642515
1	53	0.0004649614237944707
1	54	0.0003931690607039765
1	55	5.792648242237253e-05
1	56	2.722984059978674e-05
1	57	0.0002920550323242603
1	58	0.00047937100155469233
1	59	0.0008368437279584824
1	60	0.0008246252046907642
1	61	0.00021212527194719807
1	62	0.0099829980744302
1	63	0.20570589344621362
1	64	0.04279148455104978
1	65	0.005403937937029512
1	66	0.005780966274175393
1	67	0.004067829183881047
1	68	0.003839658312883627
1	69	0.001912103095825313
1	70	0.001185048949701665
1	71	0.00016777943766255337
1	72	7.777461505316132e-05
1	73	0.0002547951532279718
1	74	0.00040947933166285243
1	75	8.836599078646089e-05
1	76	8.753060689467779e-05
2	4	0.34319319929678194
2	5	0.006922846332641752
2	6	0.0011348199202083178
2	7	0.000962476806146201
2	8	0.0003533361113353945
2	9	0.0004129546464467778
2	10	0.001602115191592049
2	11	0.0016507300762065855
2	12	0.0035212192140067385
2	13	0.004517216858296047
2	14	0.13340169990303155
2	15	0.27048043005974853
2	16	0.3861146695323673
2	17	0.18160714152892035
2	18	0.030237055420218293
2	19	0.011559041886906174
2	20	0.0058338625424553285
2	21	0.005061868452587912
2	22	0.0020497669571188765
2	23	0.0028923281642458014
2	24	0.0016681901371471506
2	25	0.001549723765691925
2	26	0.001954209441836579
2	27	0.0007506740433829527
2	28	0.0020678469947941988
2	29	0.005126723284975024
2	30	0.0039372673908490185
2	31	0.001390509045629009
2	32	0.002614944963607598
2	33	0.0038347527564693055
2	34	0.001731068529895151
2	35	0.000940051409650325
2	36	0.0004822710126087166
2	37	0.00036640791143524397
2	38	0.00018050132056593508
2	39	0.0009613102898055202
2	40	0.000615705265933788
2	41	0.0004251316633014818
2	42	0.0003036737738688241
2	43	0.00011256668793604222
2	44	0.00021663133753987092
2	45	0.000510150618635978
2	46	0.0018558759445617076
2	47	0.0008050485183680285
2	48	0.00021523230029189683
2	49	0.0007195837618879622
2	50	0.00011486770819826573
2	51	0.00046508063129665415
2	52	0.0008798390100043605
2	53	0.0007096867847418717
2	54	0.00034360462857106945
2	55	8.7040098021175e-05
2	56	0.00012148521732003934
2	57	0.0007438885664706897
2	58	0.0002116951786444387
2	59	0.0007495397914971778
2	60	0.0009104769410952592
2	61	0.000770049616008628
2	62	0.0022809645436792274
2	63	0.1889204918732915
2	64	0.2045096902135085
2	65	0.01487740860523777
2	66	0.007476724538317006
2	67	0.002186979221261269
2	68	0.0024203886144227547
2	69	0.0010157608494939581
2	70	0.0007251411185646121
2	71	0.00023948200781092252
2	72	8.311581738289272e-06
2	73	0.00011776733314867398
2	74	0.00046870690682853863
2	75	0.00035682632817344006
2	76	0.00044532986386925896
3	5	0.38265126448732295
3	6	0.013706793551905792
3	7	0.0038026678538556355
3	8	0.0015178201936944596
3	9	0.000754710700565685
3	10	0.001542241041333938
3	11	0.0017315752348775447
3	12	0.005311275729490134
3	13	0.011057830241383364
3	14	0.30622041083553203
3	15	0.3213577229062312
3	16	0.20479343036512998
3	17	0.05404209205579102
3	18	0.008991755475367767
3	19	0.007762734154939034
3	20	0.003232686214503394
3	21	0.0022545827689635367
3	22	0.0010963269343559122
3	23	0.001455506456789617
3	24	0.0011585846039392732
3	25	0.0006502412354285762
3	26	8.257355353047289e-05
3	27	0.000328079551036435
3	28	0.0016625001991034858
3	29	0.00393259466856
3	30	0.003580699100394794
3	31	0.0022013709987369124
3	32	0.005215461285940545
3	33	0.0066476691673296165
3	34	0.0025328993516202693
3	35	0.0006684479108380387
3	36	0.00020743541206336808
3	37	0.00027336436996256206
3	38	0.0003564963172840645
3	39	0.0009691900895984196
3	40	0.000551156946373355
3	41	0.0002521102645250633
3	42	0.00032135495043514827
3	43	0.0006171530228618
3	44	0.0005256355664108477
3	45	0.0005116975130661608
3	46	0.0016403402416491234
3	47	0.0008561733587433667
3	48	0.00018006800613910515
3	49	0.0007834067741308424
3	50	0.0007079282487184807
3	51	0.0004689995943210547
3	52	0.000757093373970782
3	53	0.0006459526343753457
3	54	7.039597736231305e-05
3	55	4.477903529173504e-05
3	56	5.612873965064423e-05
3	57	0.00025052329931983666
3	58	4.7959481143115285e-05
3	59	0.000509406267577024
3	60	0.0010859070349750627
3	61	0.0015725926084544117
3	62	0.00738684766960272
3	63	0.18507573057741145
3	64	0.3432823782150561
3	65	0.25730916258557607
3	66	0.18622904177954488
3	67	0.01542464935445419
3	68	0.0022939199455519134
3	69	0.0011886772993181657
3	70	0.0004888917877745206
3	71	0.00012481484588801366
3	72	3.2196556451483186e-05
3	73	0.00014872593972056013
3	74	6.118598076218916e-05
3	75	0.00012500775584822692
3	76	0.00030327321779105365
4	6	0.5818254922396392
4	7	0.029538018964579513
4	8	0.0034579529345243045
4	9	0.002065208284110792
4	10	0.004526619387291808
4	11	0.005598406315808113
4	12	0.17396240616869516
4	13	0.3244399572881367
4	14	0.49436225338683526
4	15	0.23686338442681618
4	16	0.04798930099155969
4	17	0.006654555318768957
4	18	0.001626659048516768
4	19	0.0023233456413283464
4	20	0.0013183181494950482
4	21	0.0011143772540867952
4	22	0.0005290513501342264
4	23	0.0007125603746276198
4	24	0.0007134512495105217
4	25	0.0009266409550680805
4	26	0.00028881904400429516
4	27	0.001102077380597585
4	28	0.0024218347389862067
4	29	0.002240583501099407
4	30	0.002443465640065177
4	31	0.0017944097282305293
4	32	0.005373421364840263
4	33	0.0067659354608707685
4	34	0.0031718304192548835
4	35	0.0009421451857339621
4	36	0.0005548377505962943
4	37	0.0005236279663903472
4	38	0.00014069734512339393
4	39	0.0005726538323523927
4	40	0.0005198048606954345
4	41	0.00031907360989557085
4	42	0.00044298222163439993
4	43	0.0005385625111948195
4	44	0.000673173655635566
4	45	0.0010290247949235553
4	46	0.0006979337457722411
4	47	0.0004327860938755784
4	48	0.0003176544198709876
4	49	0.00027581159847086173
4	50	0.0006619398617934107
4	51	0.00036923346520472414
4	52	0.0003232991648663312
4	53	0.00016333449296572177
4	54	0.0002335800998709623
4	55	0.00030014690565169843
4	56	0.0002995535487653756
4	57	0.00023703579692365757
4	58	4.091925479761964e-05
4	59	0.00016109637499154287
4	60	0.0011988737077163669
4	61	0.0012409328458276602
4	62	0.0030781452239206507
4	63	0.013194571646940538
4	64	0.12024486065542424
4	65	0.13280383081899144
4	66	0.2835468238463017
4	67	0.10694146716112564
4	68	0.013589239761721416
4	69	0.0018440962279161403
4	70	0.0007193646618829432
4	71	0.00016728480567428978
4	72	0.00010409818617761157
4	73	0.00020045536993525543
4	74	0.00022639752816340486
4	75	0.00014270579323367164
4	76	0.0008012653995364342
5	7	0.5182137430822487
5	8	0.009056354716814418
5	9	0.004902131062706288
5	10	0.010062503289790116
5	11	0.012593272950255767
5	12	0.4093369912726794
5	13	0.3926709455811692
5	14	0.2675037949714965
5	15	0.03730758297328474
5	16	0.005871769819519429
5	17	0.0019552447286886286
5	18	0.00101097344326552
5	19	0.0013904775143972548
5	20	0.0009466141046066699
5	21	0.0007368360025936039
5	22	0.0004990584391043719
5	23	0.00017135253185433276
5	24	0.00024154618046266544
5	25	0.0006916774778905466
5	26	0.00012461811645372747
5	27	0.0008143222160492836
5	28	0.0019775801986867785
5	29	0.002553703283513335
5	30	0.0016077059664579194
5	31	0.0027998995177905286
5	32	0.008006117584587285
5	33	0.01131774193370949
5	34	0.006221997332037031
5	35	0.0022222556678643773
5	36	0.0010127165235990583
5	37	0.0008991139385441251
5	38	0.0008219663547626466
5	39	0.0007134804185936223
5	40	0.0004675900263695954
5	41	0.0008489166751256013
5	42	0.000667325187597157
5	43	0.0012633586872943469
5	44	0.0008767112030236686
5	45	0.0012023085430451085
5	46	0.0004056893508925468
5	47	0.0004591567312810016
5	48	0.00027946984131188297
5	49	0.0004242943941572567
5	50	0.0003428823139159258
5	51	0.0003189622004184103
5	52	0.00034565178532881737
5	53	0.0004925593874996161
5	54	0.00020968643947638836
5	55	0.0004408305011360452
5	56	0.0009731766597958133
5	57	0.0006078181483458107
5	58	6.685302794741186e-05
5	59	0.0005366113028012685
5	60	0.0013365594976025973
5	61	0.0020085788263788196
5	62	0.0028062210515719956
5	63	0.006590527774457016
5	64	0.018037401456805997
5	65	0.0324994586399128
5	66	0.25157256130175304
5	67	0.25291210554270194
5	68	0.1723157177242131
5	69	0.06384607911207109
5	70	0.006756625332136269
5	71	0.0012776482744102633
5	72	0.000502882151979355
5	73	0.00033628745323667644
5	74	0.0005651602559976916
5	75	0.0006733356113315708
5	76	0.000996211067038717
6	8	0.3528265189176499
6	9	0.0791471367897643
6	10	0.18727576926252515
6	11	0.30839674612495704
6	12	0.5929590492596505
6	13	0.2575082292397106
6	14	0.05511509075418129
6	15	0.005398280595554649
6	16	0.001946101880285969
6	17	0.00042150052685698404
6	18	0.0003389049010634922
6	19	0.0006746196221167796
6	20	0.0008335319920765058
6	21	0.00037182978017980965
6	22	0.00013428084485081498
6	23	0.0006335418052508856
6	24	0.0003425266577145401
6	25	0.00013598554244945166
6	26	0.0005849791521159282
6	27	0.0006849940279172063
6	28	0.0008946782361343477
6	29	0.002306985443186973
6	30	0.003914761603377576
6	31	0.0016827782800992934
6	32	0.0027308563760656177
6	33	0.006443831875590622
6	34	0.003742887739975358
6	35	0.0008570249333813349
6	36	0.0002695750533915964
6	37	0.0008186072401244279
6	38	0.0009945719907063452
6	39	0.000548834003537725
6	40	0.0002851953999480844
6	41	0.0010885835978004005
6	42	0.0005391655575908678
6	43	0.000934948198077819
6	44	0.0003920093297284016
6	45	0.00020400678466206618
6	46	9.850950119014379e-05
6	47	0.00022664874699689615
6	48	0.00022952178664432425
6	49	0.0003447640388784765
6	50	0.000253679445528349
6	51	0.0002483834669771972
6	52	0.0004611646456472684
6	53	9.10011457946041e-05
6	54	0.00024145277756917134
6	55	0.0005197516577221596
6	56	0.000782445527101663
6	57	0.0005336163869480165
6	58	0.00011573852294282588
6	59	0.00017170153968701523
6	60	0.0006098772044947269
6	61	0.00043203990972568996
6	62	0.0012630696986499392
6	63	0.0028468658454681647
6	64	0.004371756828647501
6	65	0.0030938721985024177
6	66	0.07075181855961214
6	67	0.09209240793627403
6	68	0.17602451020684556
6	69	0.10494544440921258
6	70	0.015446134036034356
6	71	0.0015710157525657415
6	72	0.0007191688537985077
6	73	0.00027519905296106067
6	74	0.00031664056926412524
6	75	0.0004361598680261553
6	76	0.0010122913757699367
7	9	0.8484215367130322
7	10	0.6025400271232959
7	11	0.5412268370466997
7	12	0.42847122399224385
7	13	0.0289187387227936
7	14	0.0036336993441623056
7	15	0.0009188610836960541
7	16	0.0005828943646821707
7	17	0.00018650707132240134
7	18	9.396231018827123e-05
7	19	6.38714885423721e-05
7	20	0.00018188384995347553
7	21	6.958839997763615e-05
7	22	0.0001309157042302768
7	23	0.00036299124827952997
7	24	0.00022014333810285773
7	25	0.00014556843889157301
7	26	0.0006360466858972624
7	27	0.00046037700326478063
7	28	0.0007696170474744069
7	29	0.0011201573142810611
7	30	0.003685775740328959
7	31	0.0012282707346498792
7	32	0.0029350063617992516
7	33	0.00894186065087513
7	34	0.005998367320322626
7	35	0.0006667938103354285
7	36	2.000222840213783e-05
7	37	0.00029032513002064483
7	38	0.0007476047206718776
7	39	0.001268000086488456
7	40	0.0006796512153548406
7	41	0.002623226841888959
7	42	0.001397927345141336
7	43	0.0021528677842545764
7	44	0.0006245325192542038
7	45	0.00013858364825839503
7	46	8.97843519689692e-05
7	47	0.0005600704475242293
7	48	0.0004055008223817223
7	49	0.0005890127530026871
7	50	0.00011483355463592073
7	51	9.239808679412773e-05
7	52	0.0004517486641731971
7	53	0.0005140352336917795
7	54	0.00039796883771404744
7	55	0.0007150689949706482
7	56	0.0005189367753050776
7	57	0.000388461818133792
7	58	0.00022023637748905023
7	59	7.056533061807992e-05
7	60	0.0002267234668158654
7	61	0.0001327641485841102
7	62	0.0005246831825139663
7	63	0.0017327590577969469
7	64	0.0016443553948302697
7	65	0.0008028170323099837
7	66	0.006825475547734021
7	67	0.013282452623745092
7	68	0.10914797992979296
7	69	0.15096451882243025
7	70	0.07560604291376756
7	71	0.008014774675389863
7	72	0.003957736761788422
7	73	0.001719236332462176
7	74	0.0016223103409944385
7	75	0.0016053594097951546
7	76	0.0024701774357396506
8	10	0.832181058196295
8	11	0.2365754803018352
8	12	0.06898455545234936
8	13	0.008789803189834666
8	14	0.0026131369640148474
8	15	0.0007571421064027589
8	16	0.00024767221245771976
8	17	5.2954640056931204e-05
8	18	3.77554515904608e-05
8	19	0.00031461883300024887
8	20	5.4360822427538745e-05
8	21	2.96023925203314e-05
8	22	1.0158804571110582e-05
8	23	0.00017351456666962606
8	24	0.00014437238629325629
8	25	0.0005944591751204725
8	26	0.0006438986953631626
8	27	0.000440351109390681
8	28	0.00047481087420297795
8	29	0.0006171181198889536
8	30	0.002775181545856986
8	31	0.0011838604489067958
8	32	0.0021783563610747246
8	33	0.006600715371552395
8	34	0.0073371114695273704
8	35	0.0017960476545567522
8	36	0.0005331874060477722
8	37	0.0005426810345619785
8	38	0.0006809432863761039
8	39	0.0011444210467566158
8	40	0.0013525347548709488
8	41	0.002301709263374625
8	42	0.0013882710117733557
8	43	0.0013334732315249361
8	44	0.0005143182303043246
8	45	0.00031523194219150214
8	46	0.0003083917123965006
8	47	0.00029180270689586825
8	48	0.00017646146999305466
8	49	0.0003979840409945628
8	50	0.0005779348858711971
8	51	0.0009197449802823577
8	52	0.001326045552444417
8	53	0.00038400694737888725
8	54	0.00031539013626724984
8	55	0.0006073625165079717
8	56	0.00039435654275719753
8	57	0.000268656633495489
8	58	0.0004928119700764193
8	59	0.00017000338043934534
8	60	0.00041128287950393356
8	61	7.350087703489254e-05
8	62	0.0007588916128493396
8	63	0.0013499817963443764
8	64	0.0009447145730635382
8	65	0.0008582756335917055
8	66	0.0025028102882576108
8	67	0.002488643230267905
8	68	0.016636824427958326
8	69	0.02708383158767764
8	70	0.04345972849831649
8	71	0.003746334731307131
8	72	0.007241174940140864
8	73	0.0033327135918601383
8	74	0.0035972449688035516
8	75	0.0035755444552412444
8	76	0.006725027640412098
9	11	0.8339307983900027
9	12	0.10583794941579265
9	13	0.008972194237058995
9	14	0.0019413280496602342
9	15	0.0003925684045643578
9	16	0.00041169972128951695
9	17	0.00032582355204082596
9	18	0.0002995940260178926
9	19	0.00013449095463544735
9	20	5.700433221820616e-06
9	21	2.8452250823225713e-05
9	22	0.00018798470065782696
9	23	0.00015899010160567496
9	24	0.0002855614099167155
9	25	0.0004642703818355297
9	26	0.0006865732032501461
9	27	0.00023608833450763212
9	28	0.00048215690389810315
9	29	0.0005093406031155618
9	30	0.002462193050859492
9	31	0.0009429707678344785
9	32	0.0018439079734012356
9	33	0.005458224981166456
9	34	0.0060439536863398854
9	35	0.0020647681693070465
9	36	0.0010942503174528476
9	37	0.001101447513660755
9	38	0.0005150142808843758
9	39	0.0012294877437160582
9	40	0.0017201159619729162
9	41	0.0013947731934954924
9	42	0.0010234095755221253
9	43	0.0007765464113299659
9	44	0.0003434016888849619
9	45	0.00014857533707541266
9	46	0.0002417737929168943
9	47	1.060863493841559e-05
9	48	1.6017598336352702e-05
9	49	7.308354898428025e-05
9	50	0.0002601458768141928
9	51	0.00035962644654451717
9	52	0.0005901289715950243
9	53	0.0005606191004689077
9	54	0.00047358467888419017
9	55	0.0005841391871550545
9	56	0.0001911707927314
9	57	5.298766946765068e-05
9	58	1.7595975901671306e-05
9	59	2.2601883567010053e-05
9	60	0.00015366132122027686
9	61	2.6685554719962255e-05
9	62	0.00044082183526790843
9	63	0.0009276100813422327
9	64	0.0007000001830259941
9	65	0.00015392924220415552
9	66	0.0006413672492363387
9	67	0.0005158511870646667
9	68	0.0034820532905282353
9	69	0.007837614988242555
9	70	0.016772617233589762
9	71	0.01010188512523629
9	72	0.005473617154195346
9	73	0.0031116788617613724
9	74	0.0033430833857402403
9	75	0.003668190533495515
9	76	0.006465892582543598
10	12	0.5581876959236004
10	13	0.01855051715233665
10	14	0.0022651707762486894
10	15	0.00088483004322284
10	16	0.0005776657915272123
10	17	0.00029713671067734253
10	18	0.0002841424986037619
10	19	5.563706977849171e-05
10	20	2.773963034197438e-05
10	21	0.00013110371597109262
10	22	0.0006566671471969418
10	23	0.00040464186263757174
10	24	0.00032723398308791876
10	25	0.000394911307253748
10	26	0.000983236960652044
10	27	0.0004793482281502714
10	28	0.0005458833769653425
10	29	0.000766809355114867
10	30	0.0013665793247567663
10	31	0.0006522931945364843
10	32	0.0015356820768900443
10	33	0.00276249541007168
10	34	0.0009843702387922044
10	35	0.00033770069936087354
10	36	0.0009942328859625373
10	37	0.0011581143256559968
10	38	0.0008085324231102385
10	39	0.0007436453088888947
10	40	0.0010906100171889606
10	41	0.0008977365494917755
10	42	0.0009742768024802002
10	43	0.0004436734955521975
10	44	0.00040570747123215404
10	45	0.00015381825326059396
10	46	5.9971634312677374e-05
10	47	7.844952429012493e-05
10	48	0.00021410671825616257
10	49	0.00021766561344351674
10	50	0.00025126727006569784
10	51	0.00021628767484500877
10	52	0.0004001285530614621
10	53	0.00023668503408023366
10	54	0.0002409176581896116
10	55	4.920039451128895e-05
10	56	2.8458418988784427e-05
10	57	0.0003566725433386152
10	58	0.00013600465528629352
10	59	1.1320491569002322e-05
10	60	4.516343335953174e-05
10	61	3.977715050217917e-05
10	62	0.00020374384710031922
10	63	0.00037474958406734886
10	64	0.0013576408190866085
10	65	0.0005540071029100526
10	66	0.0014749196491825422
10	67	0.0007250644632302796
10	68	0.0020351878313846516
10	69	0.004681962732843729
10	70	0.005941491104459822
10	71	0.00405416782597409
10	72	0.0019576878046854017
10	73	0.0010121096663860706
10	74	0.0016601865549554346
10	75	0.0011789250238701378
10	76	0.002100068420909244
11	13	0.4879991822326221
11	14	0.011215501978751569
11	15	0.0017016777808799158
11	16	0.0004992948350912753
11	17	0.0002526859590562977
11	18	0.0001697041599577949
11	19	0.00023291330774609584
11	20	0.0001471544204344194
11	21	0.0002491499083146466
11	22	0.00030954768588696953
11	23	0.0003163517168869478
11	24	0.0003921388299320835
11	25	0.0006335402590973161
11	26	0.0007379768731506641
11	27	0.0007791654364979204
11	28	0.0007190462340781308
11	29	0.00046298753215975093
11	30	0.0019846958325657155
11	31	0.0008792155549897096
11	32	0.0018426715546395458
11	33	0.0016473610201648817
11	34	8.914841528888841e-05
11	35	0.001017652359711654
11	36	0.0022603966999117852
11	37	0.0022561671106320035
11	38	0.0014792474068063364
11	39	0.0014389445296580556
11	40	0.0009354209269743637
11	41	0.0011588641287915526
11	42	0.0014914735232845384
11	43	0.0008176142693313154
11	44	0.00039187012618436493
11	45	0.00016016672760885785
11	46	5.855657904593663e-05
11	47	0.0002788897434933182
11	48	0.0002563528947519227
11	49	0.00029275247624124345
11	50	0.000294469658254789
11	51	0.0003064186339119264
11	52	0.000163743594486143
11	53	0.0003593304292236078
11	54	7.119840046214466e-05
11	55	0.00018386260252810946
11	56	3.8219123589665026e-05
11	57	0.00032275727398610086
11	58	1.4359645062672534e-05
11	59	1.2751592649729204e-06
11	60	0.00011806705919390433
11	61	0.0002864265157151134
11	62	0.0002252419445352545
11	63	0.0011182284397116197
11	64	0.00195859577972716
11	65	0.0006861581708524276
11	66	0.0011237721002543013
11	67	0.0006944472328872366
11	68	0.0042521627834544145
11	69	0.010013819651253026
11	70	0.008204173695333088
11	71	0.004441591595273122
11	72	0.0031239801285078833
11	73	0.001500572832254693
11	74	0.0018672589805000261
11	75	0.0019398391688906463
11	76	0.002156247040808733
12	14	0.43483071967275355
12	15	0.01315492779415875
12	16	0.0006479072357109532
12	17	0.00044883159418819025
12	18	0.0006151985099787448
12	19	0.00021315555577945634
12	20	0.00023281660011976964
12	21	0.00033191156877096674
12	22	7.374836046854818e-05
12	23	0.0005617987280697255
12	24	0.0003407764156237664
12	25	0.0003102072826198293
12	26	0.0005775308503309934
12	27	0.0012265279049245516
12	28	0.0009001533257610182
12	29	0.00034014136582693143
12	30	0.0036559256872896505
12	31	0.002480611634809335
12	32	0.0036370680710801784
12	33	0.005478276005268405
12	34	0.0013842966281390607
12	35	0.0016434241160042903
12	36	0.002696619833416674
12	37	0.002164315844582324
12	38	0.00215276154037676
12	39	0.0014802659582362427
12	40	0.0006714644704015245
12	41	0.0008194212916788744
12	42	0.00048681179859846825
12	43	0.0004479801448310908
12	44	2.2008784135194242e-05
12	45	2.8438508504747493e-05
12	46	0.00020094522415884484
12	47	0.0002761351108911318
12	48	0.00013863388440428598
12	49	0.0002632502849844955
12	50	0.00024430990333348593
12	51	0.00026281628922751187
12	52	0.00012537674111319427
12	53	0.00025301646420337805
12	54	7.3293201577829105e-06
12	55	5.964270662660002e-05
12	56	7.938556386344792e-05
12	57	0.0003235317602689181
12	58	2.2684007763023265e-05
12	59	2.1144276362713177e-05
12	60	0.000400527623506055
12	61	0.0006014781400061961
12	62	0.001079418928835657
12	63	0.002336988400024601
12	64	0.0031194896416670585
12	65	0.0008547389222409732
12	66	0.0005695472019231222
12	67	0.002456377257430519
12	68	0.007841848741310803
12	69	0.012571611622556798
12	70	0.005016474253339162
12	71	0.0021825811125622463
12	72	0.0012002885022932704
12	73	0.0008824552364688213
12	74	0.000540323904362231
12	75	0.0008345375626555583
12	76	0.0008234808107598473
13	15	0.48450449726107164
13	16	0.005033612204759079
13	17	0.0007509102426314301
13	18	0.00033466716431712596
13	19	0.0003131441753260264
13	20	0.0003232229017005876
13	21	0.0005347293039267107
13	22	8.898475721031303e-05
13	23	0.0007003858355461156
13	24	0.0007182272235329334
13	25	0.0008955672492700103
13	26	0.0008411950702880283
13	27	0.001801055915533912
13	28	0.0006365707758030188
13	29	0.0001528195410293473
13	30	0.004928614089234287
13	31	0.005667586400340005
13	32	0.008263644984857352
13	33	0.0033133410549102973
13	34	0.0021945378077599907
13	35	0.0045344404657478195
13	36	0.0036702778898879684
13	37	0.002459385066993441
13	38	0.0021339986971042816
13	39	0.0014003648131938303
13	40	0.0009961590329379292
13	41	0.0012220090567203687
13	42	0.0010102766497011508
13	43	0.0010503757802850548
13	44	0.00013009704216445744
13	45	0.00024786618839768137
13	46	0.00014143409656604158
13	47	0.0005075764751326216
13	48	0.0002457314973526095
13	49	0.0003015442036409954
13	50	8.27693430823992e-05
13	51	0.0002973603854974233
13	52	0.000723351851858705
13	53	0.001176390636094595
13	54	0.00010159691265951469
13	55	6.280835241184435e-05
13	56	0.00024044370511628116
13	57	0.00017317833998689323
13	58	0.00029314200727691023
13	59	0.00012547227716366618
13	60	0.00047863642091305967
13	61	0.000534624708180562
13	62	0.001261539797932784
13	63	0.0022987793934830495
13	64	0.0034536995941374243
13	65	0.0017301649994131254
13	66	0.004061144266549807
13	67	0.005447085970292018
13	68	0.00806322003335804
13	69	0.009811138084554067
13	70	0.0026229530449371065
13	71	0.001182944759870757
13	72	0.0009335112563960353
13	73	0.0008397611846338639
13	74	0.0008353894246558791
13	75	0.0013568754643698915
13	76	0.0013228967844190259
14	16	0.32525742484458253
14	17	0.015177753093512398
14	18	0.0012303069650262146
14	19	0.0009236931227655704
14	20	0.000574719728421441
14	21	0.00039552977557254443
14	22	0.0002067702687794324
14	23	0.00166823448023799
14	24	0.0020811141589461178
14	25	0.001288385626342468
14	26	0.0026829467548756965
14	27	0.0031340695446025204
14	28	0.0033787108824142246
14	29	0.004754376675582802
14	30	0.014291095585122069
14	31	0.007267222299183002
14	32	0.006232787901239524
14	33	0.0005783144218580019
14	34	0.0016619597689588883
14	35	0.0035844528105525453
14	36	0.002660721226974116
14	37	0.0019141906212706077
14	38	0.001433666691939528
14	39	0.0012117412472696537
14	40	0.0004361557641235236
14	41	0.00041188560096618005
14	42	0.0006534428798036667
14	43	0.0011679610718058548
14	44	0.0003091587702975325
14	45	0.0003754123190318166
14	46	0.000339169235942188
14	47	0.0005161501992354424
14	48	4.788596673041125e-05
14	49	2.6401575697570975e-05
14	50	0.00021451349053096459
14	51	0.00024180254533456513
14	52	0.0007087914704692064
14	53	0.0007997823931864386
14	54	0.0001389073799432406
14	55	7.002435193274044e-05
14	56	0.0001252663405633948
14	57	0.0003056309988247567
14	58	0.00010013183285895171
14	59	9.404411181597772e-05
14	60	0.0009165201487878083
14	61	0.0006041179950551755
14	62	0.0012576104690567363
14	63	0.0037384916412736982
14	64	0.00943336579037569
14	65	0.003059744421815381
14	66	0.008938733196792984
14	67	0.006465470609975976
14	68	0.0048372381000533074
14	69	0.0017317470201154077
14	70	0.00041643943477530956
14	71	0.00010352052476079838
14	72	5.1538047043063835e-05
14	73	0.00010970225607850607
14	74	0.0004055542935496083
14	75	0.00035687176114495683
14	76	0.0011075690509471233
15	17	0.6289748498065967
15	18	0.007157974663597336
15	19	0.0007323311736071995
15	20	0.0008564427185312504
15	21	0.000200969671510638
15	22	0.0008701718312171257
15	23	0.005864132381364964
15	24	0.003837539958524872
15	25	0.002118329739087389
15	26	0.0071855924109892385
15	27	0.005314711486848061
15	28	0.009736133816037277
15	29	0.02604760237278743
15	30	0.015906114338540597
15	31	0.009761970752926017
15	32	0.009890924191979645
15	33	0.001269578435908901
15	34	0.0024313102011464974
15	35	0.0018577004900145009
15	36	0.0008214064959871102
15	37	0.001445633644920526
15	38	0.0010062955569559238
15	39	0.000942869897004484
15	40	0.0004309149141293124
15	41	0.00038547943390682083
15	42	0.0004052948652952336
15	43	0.0011376897797006206
15	44	0.00045439943727691755
15	45	0.0005345085989858011
15	46	0.0006473234260473637
15	47	0.00040199225425554614
15	48	5.132374469018036e-05
15	49	6.442035220564033e-05
15	50	6.8676290203963e-05
15	51	0.0002497353598308424
15	52	0.0010556368855493944
15	53	0.0018169764864606433
15	54	0.0005286853772730853
15	55	0.00021815545356648395
15	56	0.00033777604088144317
15	57	0.000733319954138567
15	58	0.00013879910327209836
15	59	8.763064611347667e-05
15	60	0.0005630326247595107
15	61	0.0010151753250885202
15	62	0.001192332422218013
15	63	0.005175045293771482
15	64	0.011184289692546591
15	65	0.003666747092073659
15	66	0.006408560341240356
15	67	0.004346040708105964
15	68	0.002343307376529192
15	69	0.00045165798207744904
15	70	0.0002422879734781868
15	71	5.558413267035465e-05
15	72	3.3058360988229917e-05
15	73	0.00045126251076560984
15	74	0.001309120038745898
15	75	0.0009962255439737496
15	76	0.0011415084370365943
16	18	0.23342282091964953
16	19	0.0027104124586892738
16	20	0.0028538608648690884
16	21	0.0004777686757948426
16	22	0.0021788732562628
16	23	0.011268779987648804
16	24	0.0031807407652731158
16	25	0.0008468805615138071
16	26	0.011003020370692713
16	27	0.006205865570007176
16	28	0.007662824606016211
16	29	0.0032507518917735713
16	30	0.004954185216822502
16	31	0.004824505097295218
16	32	0.004277371813801699
16	33	0.002997795060273902
16	34	0.002194623793240667
16	35	0.0011594178370001903
16	36	0.00034677446457609086
16	37	0.001008615084515807
16	38	0.0011787842707646132
16	39	0.0008454966310962156
16	40	0.0007332771274291924
16	41	0.0007814482824623067
16	42	0.000730432332062562
16	43	0.0006872522289529703
16	44	0.00011764858172870909
16	45	0.0006241983419206813
16	46	0.0009495275363366374
16	47	0.0004690231523233121
16	48	0.00016597482968964912
16	49	0.000305844747272564
16	50	0.00016737799367360026
16	51	0.00020270733315384725
16	52	0.0010395312784290565
16	53	0.0014118248709009758
16	54	0.0005240951901107282
16	55	0.0003173982604448284
16	56	0.00020657715405127415
16	57	0.00022525185511869996
16	58	0.0007629608836584898
16	59	0.0002963730384311907
16	60	0.0004671230719445584
16	61	0.0013351719527318314
16	62	0.0027731615676360667
16	63	0.010797788988233564
16	64	0.013955507691317925
16	65	0.005414039062503904
16	66	0.005349420256724487
16	67	0.003172455662695449
16	68	0.0015482918364912415
16	69	0.001194025348660674
16	70	0.0007406743324999305
16	71	0.0005076031956697475
16	72	0.0003784388298666665
16	73	0.0006229511111194594
16	74	0.0010085877102668393
16	75	0.0008793784641874856
16	76	0.0011409769466901253
17	19	0.4289470448872885
17	20	0.0810465320238562
17	21	0.18681913729189714
17	22	0.03608118549397853
17	23	0.036752232780091224
17	24	0.00821862319311309
17	25	0.0029438027614826605
17	26	0.04196033189029339
17	27	0.010133861469615604
17	28	0.008206852357405205
17	29	0.0031676505266806983
17	30	0.002599434761975727
17	31	0.0022654529679605176
17	32	0.00310325853196619
17	33	0.0015553511741156585
17	34	0.001484117625913067
17	35	0.0011305675246376147
17	36	0.0006816147611849159
17	37	0.0006177309059508036
17	38	0.0008763690010621207
17	39	0.0005056545851799626
17	40	0.0001765152905919975
17	41	0.0005998651007333558
17	42	0.0011039064307735297
17	43	0.0007752078496544896
17	44	0.00047599859227947735
17	45	0.0006519304029377291
17	46	0.0007575462906356022
17	47	0.0004529509952959476
17	48	0.00025809886387253325
17	49	0.0005686289579444234
17	50	0.00047305261654016843
17	51	0.0003069855793108512
17	52	0.0011560003790675186
17	53	0.0022169758120330124
17	54	0.0009772262420561675
17	55	0.0015072931977301166
17	56	0.0016236087015990366
17	57	0.0022489182610457162
17	58	0.001574371486916479
17	59	0.0013657766696231982
17	60	0.0012189813274966572
17	61	0.0019508186896377991
17	62	0.003266730670443616
17	63	0.017834305635282474
17	64	0.013683752369335885
17	65	0.0031832396476573275
17	66	0.002736911563179276
17	67	0.001877335563480867
17	68	0.0004520665051985702
17	69	0.0005809792724349097
17	70	0.0005626936805951143
17	71	0.00023094469139619463
17	72	0.00021364492731819495
17	73	0.00014055711742743445
17	74	0.0005388671361107113
17	75	0.0005074962085581464
17	76	0.0010379743480432543
18	20	0.8954649263646913
18	21	0.724452212590251
18	22	0.12205838038376841
18	23	0.03572945064461875
18	24	0.007689730122440691
18	25	0.016731842121976183
18	26	0.029660838520978793
18	27	0.004605910524136515
18	28	0.003504553133604493
18	29	0.0022856304524932107
18	30	0.0014560708272324757
18	31	0.0006832580037671515
18	32	0.0015319676907992444
18	33	0.0010102744209635722
18	34	0.0010344316243142996
18	35	0.00045262279140635724
18	36	0.0003870075023680515
18	37	0.0004162332828306125
18	38	0.0011834484357986245
18	39	0.00046472089840593716
18	40	0.00022993001486719145
18	41	0.00034479472759905636
18	42	0.0006969811668428059
18	43	0.0007007387710212528
18	44	0.0006174152872609973
18	45	0.0007040774257119552
18	46	0.0006485538280569203
18	47	0.00032171054463654957
18	48	0.0003871223667314899
18	49	0.0005030979510347621
18	50	0.000413874936312696
18	51	0.0008338930379680892
18	52	0.0019840431470275616
18	53	0.002451714475566459
18	54	0.0013379260764924412
18	55	0.006958912690067058
18	56	0.021381090286787037
18	57	0.011604981045137951
18	58	0.0021071610482499316
18	59	0.0021047504895418466
18	60	0.0016094825832614547
18	61	0.002848663147602078
18	62	0.005681021289486556
18	63	0.016851708644114203
18	64	0.0066775000172650395
18	65	0.0027966530215470468
18	66	0.0027355521782069635
18	67	0.0022267642803013438
18	68	0.0009651812717269163
18	69	0.0010112406218676577
18	70	0.0006010276328387773
18	71	0.0001108427014392521
18	72	0.00023597422336894488
18	73	7.538301820376767e-05
18	74	6.189120073857899e-05
18	75	0.00031221911430632295
18	76	0.00047952695620216175
19	21	0.8693831742390102
19	22	0.1342794797360843
19	23	0.033459623940504155
19	24	0.009251798172719303
19	25	0.022970205418293504
19	26	0.026281908138148978
19	27	0.004496839958102476
19	28	0.00417468750847044
19	29	0.004143671740979047
19	30	0.0015053418322858783
19	31	0.0007389104534593797
19	32	0.0005392407810663344
19	33	0.00043243619152067293
19	34	0.0004895467331646975
19	35	0.0004187987643563943
19	36	0.0009186778652193778
19	37	0.0007373102917765084
19	38	0.0012009574927074427
19	39	0.0010245594052037833
19	40	0.0009106652934344033
19	41	0.0008242484526801794
19	42	0.000918131133058195
19	43	0.0012708916092081354
19	44	0.0009060531753408466
19	45	0.0013633524769739891
19	46	0.0009298854516867324
19	47	0.0017215926395943806
19	48	0.000929145019991919
19	49	0.0009727964810575401
19	50	0.001235547993838153
19	51	0.001570201348723999
19	52	0.0032699004575942195
19	53	0.00363091802502209
19	54	0.0035160083281407044
19	55	0.13143020256374296
19	56	0.32708512521313193
19	57	0.2538711276152705
19	58	0.011163817669002844
19	59	0.0071410194538201275
19	60	0.012095568809053395
19	61	0.02688999435680046
19	62	0.03146883306882092
19	63	0.02601299935522616
19	64	0.007635095285800914
19	65	0.004946851074311225
19	66	0.003123477283385853
19	67	0.0027708597976591094
19	68	0.0008232604834218861
19	69	0.000269632353829446
19	70	0.00021126003552669005
19	71	0.0003836513767580784
19	72	0.0005115471061835931
19	73	0.000540812709239744
19	74	0.0007851122227178896
19	75	0.0005279934299954799
19	76	0.0004103532786955792
20	22	0.51020990499682
20	23	0.019563003138273315
20	24	0.010644328454631084
20	25	0.03166620709349184
20	26	0.016599939115646258
20	27	0.0028999437987018693
20	28	0.002229885363374596
20	29	0.0009090830983076631
20	30	0.0007230917558178169
20	31	0.0006352116405232553
20	32	0.0003823801366353672
20	33	0.0003492919519911511
20	34	0.0005359584963492174
20	35	0.0005329257346791027
20	36	0.0007159905957903781
20	37	0.0010417423193476141
20	38	0.0015983424086030784
20	39	0.0012728869514932798
20	40	0.0003662944548989545
20	41	0.000893777530940199
20	42	0.0014163890242259293
20	43	0.0021947749223675444
20	44	0.0011931511417820019
20	45	0.000888792211038853
20	46	0.0009842349809190006
20	47	0.0016549184480638055
20	48	0.0015309940663655412
20	49	0.0009600121514737506
20	50	0.0011484162949704794
20	51	0.002913038660619805
20	52	0.006765652625020544
20	53	0.009027988541691257
20	54	0.008546216081727499
20	55	0.2752302147148814
20	56	0.21296086739791886
20	57	0.16345168813519845
20	58	0.008003181365867243
20	59	0.004856824001855213
20	60	0.0038884116796422705
20	61	0.005746761042677567
20	62	0.004267641924671072
20	63	0.004025806865734633
20	64	0.0016762391373877652
20	65	0.0019696731330401483
20	66	0.0015742300011391721
20	67	0.0019009467877044385
20	68	0.0011800434470422999
20	69	0.0008258155215821347
20	70	0.00013931091952752055
20	71	8.816731776568026e-05
20	72	0.0004602080316148426
20	73	0.00029641635711529207
20	74	0.000137266268470507
20	75	0.0005967489080773438
20	76	0.0009590630720039211
21	23	0.4502409198937469
21	24	0.09061214753384152
21	25	0.3652625868396142
21	26	0.11696371097724127
21	27	0.008247301877011354
21	28	0.0034354000059096186
21	29	0.0001560417394873054
21	30	0.0005339759836735799
21	31	0.0007266965235640631
21	32	0.0007773295298777456
21	33	0.0009148440791909335
21	34	0.00048662123779476366
21	35	0.00039765754325552085
21	36	0.0006815814115275715
21	37	0.0006425081055988557
21	38	0.0010936779677491657
21	39	0.0009144563397335112
21	40	0.0005319936469733601
21	41	0.001043299085759505
21	42	0.0012883931035887375
21	43	0.0015067968985169556
21	44	0.0009332342131260239
21	45	0.0011875404471791832
21	46	0.0014728569833015453
21	47	0.0021344237705165072
21	48	0.0013917781100489933
21	49	0.0015877247214068815
21	50	0.0011015765630916477
21	51	0.0024736535379496685
21	52	0.00788198217403591
21	53	0.00924819983197536
21	54	0.009218042622216116
21	55	0.31334646384233317
21	56	0.18273124180506153
21	57	0.020123155405209724
21	58	0.003411802232888402
21	59	0.002606920722449462
21	60	0.0007330847323823605
21	61	0.0013284408791017512
21	62	0.0013494134618203869
21	63	0.003542160964116973
21	64	0.0022396172803509653
21	65	0.0008851769933477142
21	66	0.0012785000546351112
21	67	0.0011337440911920835
21	68	0.0016258783095669188
21	69	0.001002265949641863
21	70	0.0004950721450194438
21	71	0.00012199139819726572
21	72	0.0004628725859863651
21	73	6.023876404881636e-05
21	74	0.00031642919267347344
21	75	0.0009590132439888216
21	76	0.0007454846453367822
22	24	0.8839246972782228
22	25	0.7289997756705472
22	26	0.3148315751033503
22	27	0.02123175775190572
22	28	0.011579099166482126
22	29	0.001413771536076846
22	30	0.001822949989055346
22	31	0.001002569280916252
22	32	0.0011758381396906295
22	33	0.0011200138040560403
22	34	0.0006098344388306563
22	35	0.0004878174897908836
22	36	0.00047942454143268037
22	37	0.0004222482175937316
22	38	0.0014758083328536692
22	39	0.0008733337619762733
22	40	0.0008964471257670993
22	41	0.0010444953270881188
22	42	0.0012256759756191229
22	43	0.0018843541181634352
22	44	0.0025971153591100573
22	45	0.0026560264045743776
22	46	0.0024961009634007353
22	47	0.0028004805604274923
22	48	0.00290738503542392
22	49	0.004507613906081985
22	50	0.008569826508678106
22	51	0.014402266653586333
22	52	0.15775363434801293
22	53	0.2432219123617021
22	54	0.3106303325836695
22	55	0.4618254110814838
22	56	0.21404699505446
22	57	0.013572021810944551
22	58	0.004795457079141684
22	59	0.0007905248428058246
22	60	0.00034232842806856934
22	61	0.00014847145418778364
22	62	0.0007636010665630122
22	63	0.002349632572749928
22	64	0.0024628732042279665
22	65	0.0006953074224484607
22	66	0.0007685832187340066
22	67	0.0003339656693038907
22	68	0.0006748611742227256
22	69	0.0015703446089183261
22	70	0.0009217185534329188
22	71	0.0003369211710570456
22	72	0.0007269697638209056
22	73	0.0006443829749843992
22	74	0.0010775502200059044
22	75	0.0008716926332328333
22	76	0.0003468590244067383
23	25	0.8905472778053873
23	26	0.7512456233667869
23	27	0.32076454856133096
23	28	0.024431287373982563
23	29	0.02479164596087103
23	30	0.009444100444947165
23	31	0.0021227788850847265
23	32	0.0037214771925595156
23	33	0.002397461152238216
23	34	0.0012670071239865599
23	35	0.0005281152666996523
23	36	0.0009270817956021819
23	37	0.0014851876742878827
23	38	0.002607583073087534
23	39	0.003826741088216555
23	40	0.0025394364240675753
23	41	0.0025241548791808256
23	42	0.003876205295819376
23	43	0.0059007396903496614
23	44	0.005863055083738078
23	45	0.005201434564516397
23	46	0.004051452035835514
23	47	0.003914335797047579
23	48	0.0044074975134042625
23	49	0.011211210700385428
23	50	0.08024450620775744
23	51	0.12188738411579278
23	52	0.3661817271005685
23	53	0.2004283824440563
23	54	0.2218700506854209
23	55	0.3086980806584357
23	56	0.14341845650847673
23	57	0.00645708694843373
23	58	0.0034985914091907313
23	59	0.00015854053202846353
23	60	6.25010083037595e-05
23	61	2.3469582168078622e-05
23	62	0.0002426208612472577
23	63	0.002642026911349791
23	64	0.002882019873274096
23	65	0.0008680235993194569
23	66	0.0004386732717924737
23	67	3.274423953904778e-05
23	68	0.0003091504928077701
23	69	0.00159194654713926
23	70	0.0015522647996368787
23	71	0.0010196093851570663
23	72	0.0005538726095769225
23	73	0.00045212897233274643
23	74	0.0011539464643798895
23	75	0.0005060093998212114
23	76	0.0007092803022997502
24	26	0.8505203100142145
24	27	0.6559726454265273
24	28	0.2630439916965945
24	29	0.022859193569796755
24	30	0.019128795805902953
24	31	0.006151816845888225
24	32	0.0031139550276191455
24	33	0.0027465330324110064
24	34	0.001683667799410094
24	35	0.0018483171214833515
24	36	0.0017982942648024115
24	37	0.0034714690647196303
24	38	0.011544933826426
24	39	0.010004942458193833
24	40	0.006387427389297293
24	41	0.010220895443308401
24	42	0.011964922107072997
24	43	0.02293724972270153
24	44	0.009001040750906183
24	45	0.005381998810914323
24	46	0.0025520506142439336
24	47	0.003531147898484404
24	48	0.004308755608400195
24	49	0.009461158739168113
24	50	0.023024538688801614
24	51	0.04787851397159058
24	52	0.3529449416186437
24	53	0.1493882455683457
24	54	0.03020133254532017
24	55	0.02401514461888697
24	56	0.012933489205983858
24	57	0.0037156985369183955
24	58	0.00196516014336536
24	59	0.0008540446896227775
24	60	0.0009833981136996546
24	61	0.00031319763746475235
24	62	0.0009882586479064263
24	63	0.0014163191593982776
24	64	0.002334299771579252
24	65	0.0016092091038263678
24	66	0.001675871047774931
24	67	0.0008119618123925476
24	68	0.002229045996131402
24	69	0.0032673371107154146
24	70	0.002645068355264297
24	71	0.0020461393080509266
24	72	0.0009696748520278446
24	73	0.0007761618440130617
24	74	0.0011056077114896857
24	75	0.00028058033837990445
24	76	0.0010488019695234173
25	27	0.8810646531864068
25	28	0.7014106475710884
25	29	0.3232197953332331
25	30	0.025710862045971762
25	31	0.016375232072057024
25	32	0.009180263136390913
25	33	0.0025588705725356755
25	34	0.0015922507815863583
25	35	0.0028087956740415606
25	36	0.0026328148869731506
25	37	0.0034611538352273393
25	38	0.009157675655681713
25	39	0.0036828037947451513
25	40	0.002304503695461041
25	41	0.0027107278192077286
25	42	0.004843597798245299
25	43	0.00890422827023937
25	44	0.0037561507968119855
25	45	0.00222199054984469
25	46	0.0017095546564229974
25	47	0.002236968169980127
25	48	0.0011931370373365277
25	49	0.0028780286812499505
25	50	0.004865191696945089
25	51	0.003647028651207153
25	52	0.029349756577562072
25	53	0.012793630549485796
25	54	0.00424970783056564
25	55	0.00811108802076771
25	56	0.0051937050807792495
25	57	0.0019217812106898133
25	58	0.0013245916718538867
25	59	0.001398916142711817
25	60	0.0009068931577197562
25	61	0.0010200450783142624
25	62	0.001398628133446984
25	63	0.002295550429675442
25	64	0.0019646277518962415
25	65	0.001369072873548496
25	66	0.001496322509923723
25	67	0.0007324560379595858
25	68	0.0020767736082861815
25	69	0.0024595540027864426
25	70	0.0017743659187654042
25	71	0.0007416239990812671
25	72	2.3180325808592438e-05
25	73	0.00029267249107726154
25	74	0.0005880482227247269
25	75	0.0004339991755727052
25	76	0.0012062448138394214
26	28	0.8812212812691632
26	29	0.7398779851848065
26	30	0.3196019298852877
26	31	0.026558470146933466
26	32	0.022536310446860046
26	33	0.007672352573806823
26	34	0.002898569454742927
26	35	0.002253709696656343
26	36	0.0018896957874689978
26	37	0.0035486459856972495
26	38	0.008792775344733656
26	39	0.0050140757957421
26	40	0.0013569794503313153
26	41	0.0002763848858697587
26	42	0.0007368489445215872
26	43	0.0010261244142935348
26	44	0.001416125532900638
26	45	0.0019649545821120084
26	46	0.001671439850163876
26	47	0.0020766658604565538
26	48	0.0018569805751372105
26	49	0.001979819927201974
26	50	0.0013421955899002795
26	51	0.002317414769496227
26	52	0.0126937312065432
26	53	0.004499725789009558
26	54	0.0017930418303076328
26	55	0.002664406392124618
26	56	0.0015717664048320104
26	57	0.0008032109511703562
26	58	0.0005835447860149984
26	59	0.0007035483737468331
26	60	0.001111457886374095
26	61	0.000794649785297493
26	62	0.001109319436185885
26	63	0.0028702201187682298
26	64	0.003584605269716267
26	65	0.0009241407441661072
26	66	0.0007153663114457947
26	67	6.0696858732271235e-05
26	68	0.0007295215072542601
26	69	0.0022589884318118467
26	70	0.0008987638826877769
26	71	0.000216651241004502
26	72	4.309360905429571e-06
26	73	0.00021104870080001497
26	74	0.00013380550329801112
26	75	0.0005894339331667802
26	76	0.0006093440954640101
27	29	0.8670509463430687
27	30	0.7070051634933286
27	31	0.33737911498569406
27	32	0.02870797007984148
27	33	0.019039048552193755
27	34	0.011016272755206002
27	35	0.00599360628307452
27	36	0.005842285454523857
27	37	0.04737463787913642
27	38	0.28724738315144666
27	39	0.04110472774699099
27	40	0.021791122721496355
27	41	0.058966443654970016
27	42	0.003505259563322064
27	43	0.00806459898321472
27	44	0.003588449167209038
27	45	0.001751207569749584
27	46	0.0012441265823738888
27	47	0.002623323747785387
27	48	0.0018818376779799202
27	49	0.001143272770632131
27	50	0.00012095479775337052
27	51	0.0005157439586011591
27	52	0.0044870681179899185
27	53	0.002946985683426
27	54	0.001875656326318639
27	55	0.001985507925442275
27	56	0.001292540611452239
27	57	0.000559055080670419
27	58	0.001008184709838524
27	59	0.0011750146168267325
27	60	0.0013528197382254594
27	61	0.0007425133007029042
27	62	0.0008094766284947636
27	63	0.0009368812333190337
27	64	0.0011868569339093151
27	65	0.0010300702508291015
27	66	0.001694857514244811
27	67	0.0006682783773832011
27	68	0.002807869035005641
27	69	0.0057754085746906355
27	70	0.0012480115482228537
27	71	6.42255244980584e-05
27	72	4.644592644046709e-07
27	73	6.3308788263021535e-06
27	74	0.00022200195822703254
27	75	0.000639645302699994
27	76	0.0012026379253283215
28	30	0.8756549718003422
28	31	0.7165226398491936
28	32	0.3385575166169386
28	33	0.02417931811627435
28	34	0.015829018113643307
28	35	0.03794925747535288
28	36	0.04548276033285231
28	37	0.07986785699335379
28	38	0.1787144842652714
28	39	0.028831349685117226
28	40	0.014156324573242087
28	41	0.01846144585997171
28	42	0.006624201995153247
28	43	0.007399070770387761
28	44	0.0023570252695706514
28	45	0.0009270256820237418
28	46	0.0005280351883911527
28	47	0.0019486997175889574
28	48	0.0009331947239496876
28	49	0.0009634105158062916
28	50	0.0007978275114416085
28	51	0.0012306709083834118
28	52	0.003177505047873386
28	53	0.001722594006166034
28	54	0.0006525332112494613
28	55	0.0009776499631282297
28	56	0.00138827817905366
28	57	0.0006759145619817494
28	58	0.00038074705128853014
28	59	0.0005344414403450357
28	60	0.0004948288297053265
28	61	0.0002844666697573244
28	62	0.0004731752898042189
28	63	0.0012782859065002634
28	64	0.0011970545871195
28	65	0.0009024107739681444
28	66	0.0010048094525782786
28	67	0.0006776753925229183
28	68	0.0015937973729314553
28	69	0.004185807765354418
28	70	0.00225470602279093
28	71	0.0008093736589990947
28	72	1.843547273693059e-05
28	73	0.00032908725530263265
28	74	0.0008789668352460466
28	75	0.0007134471860516233
28	76	0.0007751282700296792
29	31	0.8713165731110158
29	32	0.6837163859660902
29	33	0.25738762872918697
29	34	0.020466031406936504
29	35	0.020843275610840973
29	36	0.016890005163315683
29	37	0.013513832484816907
29	38	0.022408994106156967
29	39	0.0075389930248650205
29	40	0.003927497592012216
29	41	0.006135939495037445
29	42	0.0026694568200406215
29	43	0.001670577036881231
29	44	0.0011251438114565217
29	45	0.00047808576624067004
29	46	0.00027354126866469393
29	47	0.00017055976137913628
29	48	0.0004751639048677339
29	49	0.0009842768865703023
29	50	0.001636793092986489
29	51	0.0016581008954934546
29	52	0.003545919645635217
29	53	0.001688286301075139
29	54	0.0002706022921969241
29	55	0.0010352526720153583
29	56	0.0008504355536613244
29	57	0.0004739616909608691
29	58	0.00021945793193505275
29	59	0.00030096270589453537
29	60	0.00014981802307494562
29	61	6.626377144126677e-05
29	62	5.2286430981615746e-05
29	63	0.0008433334785504399
29	64	0.0015265901340173597
29	65	0.0007637013212772819
29	66	0.0011218438049376068
29	67	0.0010429319519242928
29	68	0.000989891772448006
29	69	0.0015417027673663149
29	70	0.0013850076128264263
29	71	0.0007151052519817807
29	72	0.00011080212821247032
29	73	0.0007800240250581604
29	74	0.001189466982776074
29	75	0.0008619517325432307
29	76	0.0009618112713389935
30	32	0.8733099767607116
30	33	0.6327642065628852
30	34	0.38756943094319646
30	35	0.14223551216150768
30	36	0.15752001501667584
30	37	0.07749394069679137
30	38	0.10259990281560438
30	39	0.020667248563285126
30	40	0.0101885420559896
30	41	0.0028451480236970222
30	42	0.0008061323777228687
30	43	7.556188161901712e-05
30	44	0.00015945401567881765
30	45	0.00038775428275037414
30	46	0.00021701451959416624
30	47	0.0006517335730155731
30	48	0.0005994196000257325
30	49	0.001227625987903443
30	50	0.0007387393980580747
30	51	0.0008526756259460822
30	52	0.00228544891194124
30	53	0.0018494091638937863
30	54	0.0003863087503207657
30	55	0.0006065610681986135
30	56	0.00026697340124564315
30	57	0.00012539848607975545
30	58	0.0001841538827168392
30	59	0.0003022143892172923
30	60	0.00031911325327430435
30	61	0.00014353500238335534
30	62	7.266756734929726e-05
30	63	0.00039483740500646146
30	64	0.0009200079608808182
30	65	0.0008370566527556265
30	66	0.001777067424492001
30	67	0.0013094298855079402
30	68	0.0013571275782805776
30	69	0.00029581993649597875
30	70	0.0025497490070423992
30	71	0.0032806125059357174
30	72	0.0007996241720226502
30	73	0.0013302038940814559
30	74	0.0014681687599695482
30	75	0.0010879738664521352
30	76	0.0012807926376101578
31	33	0.8580348052182202
31	34	0.6760498090785667
31	35	0.7675262097401878
31	36	0.6478612110763075
31	37	0.38334848688223405
31	38	0.2003860722110495
31	39	0.024683483941985933
31	40	0.013244564617866394
31	41	0.0017437166518653954
31	42	0.0013811412459519702
31	43	0.0004362693432725747
31	44	0.0002755157787414677
31	45	8.95873295892543e-05
31	46	7.801941821725236e-05
31	47	0.00013237170597104835
31	48	0.00011600101975835687
31	49	0.0001925987237871812
31	50	0.0001189562838638983
31	51	0.0008114089801398053
31	52	0.0022204389675190006
31	53	0.001508296821462392
31	54	0.00014563717221941367
31	55	0.00035047230941489263
31	56	0.0002791288361976766
31	57	8.355579266280267e-05
31	58	0.00016591729224693522
31	59	0.00030546014889046394
31	60	0.00016353201586221137
31	61	0.0003216297567078015
31	62	0.00032027689279615903
31	63	0.0004816191025184778
31	64	0.00030774069945054553
31	65	0.00016694366179176957
31	66	0.0003095578596803901
31	67	0.0003641796845580805
31	68	0.0004347370506530881
31	69	0.000808274214118137
31	70	0.0008129729739300099
31	71	0.0016197828622954713
31	72	0.001326941380717124
31	73	0.000978846345040106
31	74	0.001296220007747863
31	75	0.0008008867466174377
31	76	0.001650308294489989
32	34	0.6816300224737477
32	35	0.577062167909892
32	36	0.10729303180671987
32	37	0.027506401911618225
32	38	0.016283784203113355
32	39	0.006352405974449396
32	40	0.003509959364583661
32	41	0.003722716480823927
32	42	0.0019390525192528065
32	43	0.0016463800230140826
32	44	0.000729236999414507
32	45	0.0001214123730983039
32	46	0.00022452587692245294
32	47	0.0002834104446200046
32	48	0.00010068273647346581
32	49	0.00047757467989999544
32	50	0.0006232168012753238
32	51	0.0008210541569689981
32	52	0.0019789692357899996
32	53	0.0013749870811138156
32	54	0.0002194428611725053
32	55	0.0003392105164943383
32	56	0.0005020410623293006
32	57	0.00032284859308148343
32	58	0.00032111889243782965
32	59	0.0008393665511161724
32	60	2.6571673216289366e-05
32	61	5.4454410332018625e-05
32	62	2.537969786447605e-05
32	63	0.00028172806427311013
32	64	0.0007992733639383008
32	65	0.0007270343930031287
32	66	0.0006725680954610002
32	67	0.0006717945755763971
32	68	0.0010510694635069541
32	69	0.001687629383647793
32	70	0.0015697184544446444
32	71	0.0020058843369171347
32	72	0.0020024985956736316
32	73	0.0010731472982807425
32	74	0.0012038334021192557
32	75	0.0007319979061532111
32	76	0.0013147712428607094
33	35	0.7242036306001994
33	36	0.09290417763346946
33	37	0.01733046875689475
33	38	0.01042842957356888
33	39	0.003014143864743598
33	40	0.0029034462471495843
33	41	0.004600057385924557
33	42	0.0029202950923772142
33	43	0.0012714520648936347
33	44	0.0004889562533756051
33	45	0.00011697989886909688
33	46	0.00029432858250350095
33	47	0.0004684455447569004
33	48	0.0003587929906204044
33	49	0.0010480018896858573
33	50	0.0008402479894930125
33	51	0.0007068084886708287
33	52	0.0013873274329546665
33	53	0.00036666174970092125
33	54	0.00018748850032884352
33	55	0.00036444843314326303
33	56	0.0003295325538476061
33	57	0.0001678545621481029
33	58	0.0004392713127404917
33	59	0.0004041137905290855
33	60	0.00030703284882407407
33	61	3.2403381346430746e-05
33	62	4.700382954457106e-05
33	63	0.000204027348787625
33	64	0.00024431972218908496
33	65	0.0005025486784734069
33	66	0.0015119091791697163
33	67	0.0009748755941004112
33	68	0.0014428932826832154
33	69	0.0016806083312055806
33	70	0.0023213463174678165
33	71	0.0037435022944200423
33	72	0.0024427440695198982
33	73	0.002357692632052044
33	74	0.0023516403195281794
33	75	0.0017422088375306096
33	76	0.0018206971954338321
34	36	0.7927700655304623
34	37	0.06812702454104408
34	38	0.02044651571184208
34	39	0.0073880030610434695
34	40	0.009912389397020795
34	41	0.008142950826282504
34	42	0.0028959011494587663
34	43	0.0009735539530138468
34	44	0.00033031146849669176
34	45	4.9917120408394975e-05
34	46	0.00011682175446730348
34	47	0.0009737569662219733
34	48	0.000409837770766119
34	49	0.0004237339770050086
34	50	0.0004520507687659214
34	51	0.00042160475890823065
34	52	0.0009575211501424426
34	53	0.00014292151921462427
34	54	7.433809992631263e-05
34	55	0.00014597912630185045
34	56	0.0002585775789658776
34	57	0.0001553276858508641
34	58	0.00019384194466120868
34	59	5.4396803170579834e-05
34	60	0.0002796325514928287
34	61	1.4200122611308994e-05
34	62	6.158292265083987e-05
34	63	0.0003636349700150139
34	64	0.00015831140439882572
34	65	0.00037450620253207556
34	66	0.0007318363156839734
34	67	0.000567580831149729
34	68	0.0012318321034915712
34	69	0.003021737507472203
34	70	0.005315979639322694
34	71	0.005868189911998029
34	72	0.0065970080920493964
34	73	0.006835202764661685
34	74	0.00579180258439266
34	75	0.004190987642619548
34	76	0.0059567911581004844
35	37	0.5817150840741551
35	38	0.05122541472458078
35	39	0.014766748575898153
35	40	0.01194168448163351
35	41	0.009210417413298968
35	42	0.003483970529942436
35	43	0.0014220668687740573
35	44	9.426154806107493e-05
35	45	4.299236391153367e-06
35	46	3.702639890580381e-06
35	47	0.0004996124192016473
35	48	0.00011398331017380916
35	49	0.00033615301056903914
35	50	0.0005447627562737673
35	51	0.0007936422176433312
35	52	0.002057763286120051
35	53	0.0005530237847858362
35	54	0.00015487868592629575
35	55	0.0003497829137178119
35	56	0.00012675472320198877
35	57	2.4602618868136383e-05
35	58	0.00021457571694652556
35	59	8.212938263475134e-06
35	60	1.3593615169139614e-05
35	61	1.9150339811506205e-05
35	62	1.50172967079983e-06
35	63	1.2532629334534528e-05
35	64	8.681387101067886e-06
35	65	9.006694281013058e-06
35	66	8.631798190325457e-05
35	67	1.952893952549024e-05
35	68	0.00022570606974436759
35	69	0.0005796304545758276
35	70	0.0015840861633596374
35	71	0.002355154737122142
35	72	0.00383408425395713
35	73	0.005518218873901472
35	74	0.006078591277639541
35	75	0.0047410103258944125
35	76	0.007922400616495797
36	38	0.5803443026097631
36	39	0.09886105803696743
36	40	0.14224336063553356
36	41	0.04607488116567221
36	42	0.009496053124135003
36	43	0.0013606925241334963
36	44	0.00039396851852195375
36	45	2.5815659787208456e-05
36	46	4.383348758331914e-05
36	47	0.00087719937168551
36	48	0.0004586480946096239
36	49	0.0009141738170142208
36	50	0.0009599675200382911
36	51	0.0013431276567465057
36	52	0.002235361901916656
36	53	0.0006691240441241224
36	54	5.9606501145778865e-05
36	55	0.0003977600197481275
36	56	0.00046009242484620027
36	57	0.0003338243741484989
36	58	0.0003995466503362255
36	59	3.7788264941902894e-05
36	60	1.104627495601261e-05
36	61	0.00011096873906614562
36	62	1.8055239588048988e-05
36	63	1.5217673553498456e-05
36	64	1.6822171014674565e-05
36	65	0.00023117212339694138
36	66	0.00026877005415181854
36	67	0.00024944437252079506
36	68	0.00025830057061262246
36	69	8.100094785139754e-05
36	70	0.002145512424751412
36	71	0.003583598222225734
36	72	0.010301132490001008
36	73	0.019408886379350582
36	74	0.016504011452933034
36	75	0.00968100475815339
36	76	0.01271113445278344
37	39	0.8595261237499809
37	40	0.5466883536198568
37	41	0.1614249516534018
37	42	0.012354118177324033
37	43	0.002260583292064441
37	44	0.00041185411779717676
37	45	0.00012297470118056408
37	46	0.0002366136217130583
37	47	0.00028004981578309655
37	48	0.00025640944690849174
37	49	0.0006214587362689258
37	50	0.0012537070901965663
37	51	0.0021490833760332605
37	52	0.002772250468481864
37	53	0.0012118267636063954
37	54	0.0005592457581484341
37	55	0.0005960963405897014
37	56	0.00038241145862123965
37	57	3.196398836500135e-05
37	58	0.00017558033494946969
37	59	0.0002742293465444649
37	60	0.000137386283297864
37	61	4.974493469539251e-05
37	62	8.266763110610439e-05
37	63	7.145906430608568e-05
37	64	2.022383384323568e-05
37	65	6.712202130946682e-05
37	66	0.0003068792643854521
37	67	0.00017759364812056468
37	68	0.0007008768572280981
37	69	0.0009877765223200111
37	70	0.003617453975685847
37	71	0.00920515885729265
37	72	0.006675825954137239
37	73	0.013509277726919174
37	74	0.011569134875654601
37	75	0.007868414151096695
37	76	0.01535351771565044
38	40	0.8808540722062814
38	41	0.7053209397086411
38	42	0.11951375654865141
38	43	0.014460529000363593
38	44	0.0012873685107652653
38	45	0.00019172581003763794
38	46	0.00019059055077774107
38	47	0.0003674351396147717
38	48	0.0004138778129719061
38	49	0.0019824932851695383
38	50	0.0017711010214904515
38	51	0.0016935042799582883
38	52	0.004368687036975094
38	53	0.00099325762010889
38	54	0.00027821689508349037
38	55	0.00020233551872547056
38	56	0.000593145045102136
38	57	0.00011312908522823316
38	58	6.565653431437508e-05
38	59	0.00053068905748539
38	60	0.00026598018650961306
38	61	1.502687817168866e-05
38	62	2.8994662761626185e-06
38	63	2.067674795371719e-05
38	64	0.0001326374609194931
38	65	5.620879506170214e-05
38	66	0.0004484222917147471
38	67	0.0008113327599304766
38	68	0.002924814041043223
38	69	0.007649833316964578
38	70	0.011431290541007666
38	71	0.01120078723988273
38	72	0.0005948240765438593
38	73	0.002211070954252551
38	74	0.0023887465800621955
38	75	0.0026124881783319504
38	76	0.0061286672998697965
39	41	0.8342725844519538
39	42	0.1095836442869389
39	43	0.008583136453918751
39	44	0.0018151823889381066
39	45	4.1181483621087795e-05
39	46	2.3980241735726272e-05
39	47	0.00038997419453765895
39	48	0.00022103303452683613
39	49	0.00203085367727854
39	50	0.001702893568322084
39	51	0.002367486853451531
39	52	0.005613091002208007
39	53	0.002008504318598937
39	54	0.0003238188399032444
39	55	0.0004860113528066703
39	56	0.0008652541491820392
39	57	0.00012565671902553316
39	58	0.00029382686587916347
39	59	0.0006036449718479265
39	60	0.00039886380463883175
39	61	0.00027749097566033955
39	62	9.93481696360182e-05
39	63	0.0001607682005103431
39	64	0.0002165459742045558
39	65	0.0003292119895321887
39	66	0.0003694379869931606
39	67	0.0008875522049774894
39	68	0.0020743316117035355
39	69	0.004011507660033335
39	70	0.012592810681305605
39	71	0.029215949404959814
39	72	0.015433178031820222
39	73	0.02402958867568665
39	74	0.001751311521540225
39	75	0.0075628539575655455
39	76	0.02565847821953884
40	42	0.42058193569516095
40	43	0.009109109396243851
40	44	0.001662268362828063
40	45	3.1852707904628104e-05
40	46	2.362904025193975e-05
40	47	0.00015463667221800876
40	48	0.00024154053988974784
40	49	0.0013847735047947344
40	50	0.0013828908976765979
40	51	0.001981060783896999
40	52	0.0045295196535521075
40	53	0.002235445919206211
40	54	0.0003758112497477246
40	55	0.0003052699253074266
40	56	0.0006361797825222561
40	57	0.00029449823466751066
40	58	0.000236705641462502
40	59	0.00029424046418247943
40	60	0.00038779080522701213
40	61	0.00020389846423167463
40	62	8.958165397560607e-06
40	63	8.001389794456581e-06
40	64	0.00020664941536291585
40	65	0.00044345061889632836
40	66	0.0006677054805366256
40	67	0.001000183125974576
40	68	0.0006588826974675711
40	69	0.001252210016104347
40	70	0.015019198231439362
40	71	0.3628271517362039
40	72	0.3976714924645433
40	73	0.22976550606822682
40	74	0.02682870715470767
40	75	0.018906651064011442
40	76	0.026525414632993537
41	43	0.5801074089422826
41	44	0.014423665710299727
41	45	0.00028505917220696564
41	46	0.00024417576008330534
41	47	0.0005034680206306982
41	48	0.00040981356779580953
41	49	0.006313670344834468
41	50	0.005999671705343414
41	51	0.005798207830125222
41	52	0.007262047758686295
41	53	0.002790801249913867
41	54	0.000544897654349959
41	55	0.0005534379036701236
41	56	0.0009476520887968545
41	57	0.00019355889172756956
41	58	0.0005931641114024497
41	59	0.000908525986297557
41	60	0.0006211133801650494
41	61	0.00026390356861374133
41	62	4.7025659690376196e-05
41	63	3.6662397949860174e-05
41	64	0.0004051812868096312
41	65	0.0004415925255574524
41	66	0.0004350100988369317
41	67	0.002627221697416197
41	68	0.005989356314934645
41	69	0.17358404609180728
41	70	0.23301087280522
41	71	0.43091667325107275
41	72	0.18808293236726173
41	73	0.04538581289698367
41	74	0.007738649698549311
41	75	0.0029237251116953893
41	76	0.006806370023395341
42	44	0.46861579158153666
42	45	0.005042168999515047
42	46	0.0006064068722694618
42	47	0.0029527342112381726
42	48	0.0012768242696874269
42	49	0.09547740850779347
42	50	0.08453113949495779
42	51	0.032029794737229396
42	52	0.016966196224971173
42	53	0.0031417331697284386
42	54	0.002038134360471716
42	55	0.002058560473060111
42	56	0.0022832024346762596
42	57	0.001408490072666648
42	58	0.0019564431505898197
42	59	0.00304305291438178
42	60	0.0010958090089502812
42	61	0.0013453204557631287
42	62	0.0005633156158377723
42	63	0.0002533889187810339
42	64	0.0006258825197122378
42	65	0.0008116000872501854
42	66	0.0010793661619396015
42	67	0.00533279690371358
42	68	0.01966286348610881
42	69	0.3986469998249656
42	70	0.3754834278635488
42	71	0.2958913631740358
42	72	0.08763994771754154
42	73	0.04132693386159968
42	74	0.014317638073960644
42	75	0.00594259874929473
42	76	0.006244372896812633
43	45	0.33868452746970384
43	46	0.002521785086302873
43	47	0.018443026248547614
43	48	0.016180937311168028
43	49	0.32208033287993393
43	50	0.27532229978305317
43	51	0.03535377883155254
43	52	0.01309701740273105
43	53	0.002333410798421535
43	54	0.0021450091553596754
43	55	0.0019947894728230857
43	56	0.003950707739077988
43	57	0.0023322864096726676
43	58	0.004663189703796206
43	59	0.00584219920174301
43	60	0.0012398868271276398
43	61	0.00201845386369183
43	62	0.0005769033355024064
43	63	0.0003962718955226065
43	64	0.0009789798371396825
43	65	0.0012629742372284015
43	66	0.0031714826963277487
43	67	0.21400217284616582
43	68	0.3852097788331252
43	69	0.5777170519038552
43	70	0.20752910987466913
43	71	0.044104657061624294
43	72	0.009718592415735167
43	73	0.006676836280430301
43	74	0.003930584303933528
43	75	0.0020686600511393366
43	76	0.002737506369033151
44	46	0.38135703122265074
44	47	0.5035715294842297
44	48	0.5560135563618331
44	49	0.5948037071357487
44	50	0.2946278037198491
44	51	0.023892267951041164
44	52	0.004474330466060185
44	53	0.000985184077866453
44	54	0.001321161203185224
44	55	0.0018444090258387974
44	56	0.004220617470605101
44	57	0.0031160714763893613
44	58	0.004563155416058695
44	59	0.005060130240778426
44	60	0.0005837098222388162
44	61	0.00200377230320885
44	62	7.2820307531372e-05
44	63	0.0001685768850445714
44	64	0.0007922653110981497
44	65	0.0006565278419325985
44	66	0.003978210651295534
44	67	0.4206852394144587
44	68	0.44859494262149846
44	69	0.3168908644136487
44	70	0.03228106813351385
44	71	0.006983713098433406
44	72	0.0028704786814535382
44	73	0.003411251024413978
44	74	0.002908812635607498
44	75	0.002088206502095845
44	76	0.0028833733619848543
45	47	0.8933064827733782
45	48	0.7036379065612453
45	49	0.3280870366061841
45	50	0.11289009743257168
45	51	0.009910569436970228
45	52	0.002284770210286186
45	53	0.0005384998426307225
45	54	0.0022374035823596178
45	55	0.0032363134922150363
45	56	0.016537690234734448
45	57	0.0059988753929029436
45	58	0.010304481633645786
45	59	0.017326086801014693
45	60	0.0005362147219750526
45	61	0.013094945222121594
45	62	6.778881106490723e-05
45	63	0.00017345755468484855
45	64	0.0018975987269735602
45	65	0.006884813698186264
45	66	0.057453180653486015
45	67	0.5139980267768659
45	68	0.20070285736187027
45	69	0.038680502171763914
45	70	0.003660530113347025
45	71	0.0014058849044434687
45	72	0.0011994013009466358
45	73	0.000842334765435376
45	74	0.0006168449682661566
45	75	0.0006285458289228735
45	76	0.001809347245264491
46	48	0.8312944645141542
46	49	0.07694930572614958
46	50	0.028185238013980717
46	51	0.0054199958619297085
46	52	0.0014623310086861348
46	53	0.0007442166419607756
46	54	0.0061947339621569
46	55	0.007512743661322893
46	56	0.026455579861226423
46	57	0.010082458203571162
46	58	0.02339804050564291
46	59	0.10215640499684843
46	60	0.015192329696038787
46	61	0.04974995475861725
46	62	0.0017954917375008802
46	63	0.0017395753362340152
46	64	0.00383909528950379
46	65	0.003515602649010769
46	66	0.0023947472453412144
46	67	0.050006943256299716
46	68	0.014625317047154524
46	69	0.006537601046819725
46	70	0.003098230179479231
46	71	0.0012955510017509874
46	72	0.0006580686451192847
46	73	0.000710894530583317
46	74	0.0008972341718805494
46	75	0.0007216091383820002
46	76	0.0024098671701109973
47	49	0.40075643084165197
47	50	0.031784734728769005
47	51	0.008990618899191345
47	52	0.0022196757817905585
47	53	0.0013738057019317862
47	54	0.005789056418195228
47	55	0.005502702108609365
47	56	0.012628745218981403
47	57	0.007299016500036808
47	58	0.01211728877974828
47	59	0.026247743387953895
47	60	0.006904613377661972
47	61	0.011785723396717719
47	62	0.002430718786675146
47	63	0.0029842896971820567
47	64	0.0038640142754564942
47	65	0.007222940893706688
47	66	0.009443525175088282
47	67	0.02425023186994939
47	68	0.018644183683648823
47	69	0.010257415623041923
47	70	0.0043896865252665345
47	71	0.002448757504530209
47	72	0.0006982203635894583
47	73	0.000897407907073879
47	74	0.001798461667701011
47	75	0.002048813113387825
47	76	0.004062044161380504
48	50	0.6712282118887872
48	51	0.057035390331022395
48	52	0.0056732873197484065
48	53	0.0033862428915431347
48	54	0.011487587912521911
48	55	0.010163781440903673
48	56	0.011126464186745354
48	57	0.00868985762893092
48	58	0.011247506662670884
48	59	0.004652731349802823
48	60	0.004208170817252734
48	61	0.00327613516210043
48	62	0.0011687049753120041
48	63	0.0011518061941456334
48	64	0.0021573267731708375
48	65	0.004453346801270698
48	66	0.00890187799666547
48	67	0.015799056619264864
48	68	0.009682282593233347
48	69	0.004870986534301481
48	70	0.0013873537111199659
48	71	0.0005349782941955935
48	72	1.8691168681846138e-05
48	73	0.00028133739856344727
48	74	0.0008567077216690703
48	75	0.00041284369412201104
48	76	0.0012847790647101812
49	51	0.5119002037666635
49	52	0.016275086040097007
49	53	0.005970754600318691
49	54	0.015656262174446114
49	55	0.010620174865388313
49	56	0.005910565961670145
49	57	0.004829464015812422
49	58	0.004791327716903514
49	59	0.0003394639666778281
49	60	0.0014008737519537108
49	61	0.0005872552809312751
49	62	0.00032426008418117965
49	63	0.000849142521687217
49	64	0.0016720343073971231
49	65	0.0040322904877182
49	66	0.005603378382028704
49	67	0.008287384896941532
49	68	0.008474311712769179
49	69	0.008391161123029877
49	70	0.0022379262904191886
49	71	0.00011505155306496376
49	72	1.943744591442016e-06
49	73	9.419002288627014e-05
49	74	0.0016834844572060303
49	75	0.0019253491528746366
49	76	0.0029933717640809594
50	52	0.4345658595470927
50	53	0.0516043040983309
50	54	0.19879558670502667
50	55	0.043131542597167505
50	56	0.008173659143741022
50	57	0.012560084805403968
50	58	0.03791594229862063
50	59	0.012257309908490223
50	60	0.0011094304633816102
50	61	5.871443712914351e-05
50	62	0.0001538752207008087
50	63	0.0007874539174039893
50	64	0.0013796956173954512
50	65	0.0017832398510986057
50	66	0.0016358680228531798
50	67	0.0005023817315402626
50	68	0.0026352074487684565
50	69	0.003189445328297369
50	70	0.002108664083009698
50	71	0.0002297861065999865
50	72	3.56410880953052e-05
50	73	0.00011428070610495692
50	74	0.00017772477906857542
50	75	0.00044224200398507233
50	76	0.0010587817129691464
51	53	0.7456318274700856
51	54	0.6300621224117091
51	55	0.10067081501076859
51	56	0.020028574964730584
51	57	0.009981637585938556
51	58	0.01278549858239558
51	59	0.0006211383388345946
51	60	0.0007642335593453347
51	61	0.00013024321203031588
51	62	0.0002033094490341855
51	63	0.0006519751654134024
51	64	0.001505193178048351
51	65	0.001110429905136905
51	66	0.0005176473506440377
51	67	0.00038693565589180916
51	68	0.0014227213274596072
51	69	0.0013504401462866716
51	70	0.0014804579803210421
51	71	0.0006787393001706721
51	72	0.0004520953626173893
51	73	0.00021125506467360155
51	74	0.0002994523585841401
51	75	0.0006820243420172306
51	76	0.001323618569615886
52	54	0.8027429427182833
52	55	0.10425673244245656
52	56	0.014518790206475703
52	57	0.0034222385409172548
52	58	0.0016319698575445974
52	59	0.001140903185334953
52	60	0.0005880666043529242
52	61	0.0005707764471090791
52	62	0.0005694391151391421
52	63	0.0008957502395822287
52	64	0.0006325850366606678
52	65	0.0005183306981388018
52	66	0.0006994686249008822
52	67	0.0006293640863840535
52	68	0.0015818527216871696
52	69	0.0009555480129129377
52	70	0.001045566328274966
52	71	0.0011294815718473142
52	72	0.0012911429458728283
52	73	0.0003260187702319553
52	74	0.0009604281287986601
52	75	0.0006060767684326256
52	76	0.0016873616901859503
53	55	0.401537064702936
53	56	0.004813898511876233
53	57	0.002090642525920153
53	58	0.0008409930821948517
53	59	0.0002908568186667192
53	60	0.000981235437451991
53	61	0.0004149289634915287
53	62	0.0003578518826858985
53	63	0.0003725607671420127
53	64	0.0006712735201907162
53	65	0.0008786079668156568
53	66	0.0004391322427270584
53	67	0.00029941607184120973
53	68	0.0017383736872691722
53	69	0.0009831610195000658
53	70	0.000986961973880692
53	71	0.0007105737958923501
53	72	0.0008139140481899892
53	73	0.0008568972606705515
53	74	0.0005843657010670757
53	75	0.0004554352931386142
53	76	0.0010847261350718125
54	56	0.3587718543193237
54	57	0.08255551219303775
54	58	0.34532764111513553
54	59	0.018332696300273805
54	60	0.0049696159194300635
54	61	0.0006387893541244895
54	62	0.0008882263632390947
54	63	0.0005138421987274816
54	64	0.0005423170163980829
54	65	0.0005880854803405715
54	66	0.0007587711567897076
54	67	0.0005035424070956753
54	68	0.001050884470586044
54	69	0.0002706811860902465
54	70	0.00041927007147542564
54	71	0.00015890514150325024
54	72	4.9930562203975524e-05
54	73	0.0001177049879615653
54	74	0.00013038883471305833
54	75	0.0004173498768218703
54	76	0.000980695411619504
55	57	0.8834583779058903
55	58	0.7187698982891161
55	59	0.12376114806090989
55	60	0.015383842068509587
55	61	0.001863646373761069
55	62	0.0020121508049138893
55	63	0.0016622190261953392
55	64	0.0008312806111194997
55	65	0.0009175060019827419
55	66	0.0006946095635019645
55	67	0.00010661515918353752
55	68	0.00034298027321109654
55	69	0.0003910461033010644
55	70	0.0004736254977176185
55	71	3.118430471912271e-05
55	72	0.0001533450081084027
55	73	6.823741515961459e-05
55	74	0.0002256501282805363
55	75	0.00019276080270309889
55	76	0.0003092424329798957
56	58	0.8771928455993707
56	59	0.6574585991889996
56	60	0.30846829418823796
56	61	0.37395719408565686
56	62	0.06205675516733059
56	63	0.019137393053938065
56	64	0.005885672765784396
56	65	0.007930329827581146
56	66	0.0014405431374935678
56	67	9.47825080957789e-05
56	68	0.0003492401350833456
56	69	0.0013184034462121513
56	70	0.0012269258229149107
56	71	0.000427782365266898
56	72	0.00042531094294939915
56	73	0.0003160447655611251
56	74	0.00037443885671267253
56	75	0.00016574461319086555
56	76	0.0006428956718403686
57	59	0.8921346037263824
57	60	0.7633411139454154
57	61	0.4162266690973128
57	62	0.081821565646151
57	63	0.009351118306794002
57	64	0.0023800896334411096
57	65	0.0036621083740662483
57	66	0.0017043830868777045
57	67	0.0005556152684563091
57	68	0.0005137936634360226
57	69	0.0008659135741591417
57	70	0.0004972679712122747
57	71	0.00031362700992370945
57	72	0.00021350338186431868
57	73	3.2747219207251875e-05
57	74	0.00020018686014247128
57	75	0.00016157461271331476
57	76	0.00032374784021549434
58	60	0.8008632484106175
58	61	0.12489034179142007
58	62	0.01577391327910316
58	63	0.0019623302623690826
58	64	0.0010386555835667614
58	65	0.0026264403655743224
58	66	0.0018355826582822333
58	67	0.0013038426287401035
58	68	0.000837259676688118
58	69	0.0009246007711553173
58	70	0.0005177502746299627
58	71	0.00039480251360878965
58	72	1.4292547362679555e-05
58	73	8.297233146983897e-05
58	74	0.0002948603319086697
58	75	6.15125904702533e-05
58	76	0.00029862439107958326
59	61	0.8571185314262012
59	62	0.07509162020602259
59	63	0.006312547237179587
59	64	0.0028965320960493853
59	65	0.004320990282602507
59	66	0.0033324034822163947
59	67	0.0027113523011906455
59	68	0.00137457823631626
59	69	0.0007815547015620836
59	70	0.0013436679206139473
59	71	0.0005344264521759144
59	72	0.0002885698266563462
59	73	0.00027435432757523103
59	74	0.000364441343862743
59	75	0.00035776931921526313
59	76	0.0005616493909402137
60	62	0.6728153046325336
60	63	0.0083501725411149
60	64	0.0025599976212096645
60	65	0.001324739937076816
60	66	0.0012394046582767397
60	67	0.0007773692818142967
60	68	0.0015461553891062134
60	69	0.0010030706396816959
60	70	0.00044299762250993204
60	71	0.0002070710654780058
60	72	0.00020108191141363083
60	73	0.00022571729784601942
60	74	0.00048642826057543543
60	75	0.0004021106103894478
60	76	0.0006255018036024043
61	63	0.30490387910004074
61	64	0.029827598352093268
61	65	0.3464952230870816
61	66	0.03847202647154833
61	67	0.003232916512329367
61	68	0.0014936230456831354
61	69	0.0012738329208078825
61	70	0.0010151883782457964
61	71	0.0003373676854245079
61	72	0.00011688293310006372
61	73	5.7947905439463294e-05
61	74	0.00015392030203711078
61	75	6.015951421745189e-05
61	76	0.0003823186257975909
62	64	0.5370812416418335
62	65	0.5855350296092208
62	66	0.03584184026038313
62	67	0.0033283262391095134
62	68	0.0010232752335472908
62	69	0.0007457910521467319
62	70	0.000393071963916083
62	71	5.298203029883252e-05
62	72	0.00010661411376675965
62	73	5.417884458265289e-05
62	74	3.6368432090776856e-05
62	75	0.00011528594072544602
62	76	0.00036146888842476755
63	65	0.8459042287385268
63	66	0.04338893288461624
63	67	0.003855749623221762
63	68	0.001405869724883358
63	69	0.0005914408068375806
63	70	0.0006362038528806824
63	71	0.00022476647186898464
63	72	1.8415504742105455e-05
63	73	0.00021830666725911662
63	74	0.00024053323175225437
63	75	0.00013727773377448244
63	76	0.0003043569570682164
64	66	0.4977517144381207
64	67	0.013896391159235924
64	68	0.0015376962843014904
64	69	0.0005084298271038557
64	70	0.0007255934395816461
64	71	0.0008286219765099993
64	72	0.0004898795073603523
64	73	0.0004774558105009716
64	74	0.0003336551055159516
64	75	0.0002973958451416719
64	76	0.0006188942155240815
65	67	0.4311534782794447
65	68	0.007898192500481814
65	69	0.0013991190279023832
65	70	0.001656349567259923
65	71	0.0007614307538010507
65	72	0.0003102526725869619
65	73	0.00019955601306202112
65	74	8.50555359700766e-05
65	75	0.00010202374804112113
65	76	0.0010727126360202258
66	68	0.4628855119971484
66	69	0.013352037841179661
66	70	0.003634459892492195
66	71	0.0011388394680124996
66	72	0.00029106017403601574
66	73	7.871591076695416e-05
66	74	0.0001651080380013039
66	75	0.0007400372741344559
66	76	0.0022044723139403623
67	69	0.4789907263827647
67	70	0.013714970001349453
67	71	0.0029468192320406587
67	72	0.0011802430946040682
67	73	0.0007028565676333818
67	74	0.00044288491327201785
67	75	0.0005982154222999758
67	76	0.0016670712537718757
68	70	0.5141683907352907
68	71	0.01845651142644765
68	72	0.0037154725037904387
68	73	0.0015883769033939769
68	74	0.0007277768934337764
68	75	0.0007777535960908424
68	76	0.0013473418298751883
69	71	0.5072151541503568
69	72	0.021591987754316394
69	73	0.007122462013525352
69	74	0.0031568055362083823
69	75	0.0011451601662694508
69	76	0.003784863390583923
70	72	0.45639320249670456
70	73	0.04547604176677422
70	74	0.009303076825361049
70	75	0.004064740527705407
70	76	0.01096947762624921
71	73	0.6472216156304346
71	74	0.04079736763083847
71	75	0.01399798875702376
71	76	0.018533653749260595
72	74	0.4612066183066835
72	75	0.08004249730221147
72	76	0.049667367329425505
73	75	0.7074621556850609
73	76	0.09040749085686774
74	76	0.27600220438729495
